seed		epoch		type		fold		auc		acc		mcc		f1		sensitivity		specificity		precision		recall		aupr		metrics_ep_avg		fold_metric_best		fold_ep_best		fold_best		metric_best		ep_best
0		0		train		0		0.9538010501742722		0.8881665399754646		0.7764016884831166		0.888905171047398		0.8948138470014119		0.8815192129378756		0.8830740160848988		0.8948138470014119		0.950226166828438		0.8964831900822514		0.8964831900822514		0		0		0.8964831900822514		0
0		0		predict		0		0.9655846557926546		0.9052776707446296		0.8107018882918644		0.9043685454998572		0.8957711203159618		0.9147842211732974		0.9131326025850324		0.8957711203159618		0.9631482813338834		0.8964831900822514		0.8964831900822514		0		0
0		1		train		0		0.9697825511163226		0.9125890915111877		0.8251781833177328		0.9125904072370946		0.9126027702432167		0.9125754127379792		0.9125780445659307		0.9126027702432167		0.9682227385029134		0.9096533370186507		0.9096533370186507		1		0		0.9096533370186507		1
0		1		predict		0		0.9725071120880382		0.9163796840381466		0.832825050802665		0.916901501145753		0.9226591850496099		0.9101001830266834		0.9112152311186691		0.9226591850496099		0.9718586840849227		0.9096533370186507		0.9096533370186507		1		0
0		2		train		0		0.973759597315765		0.9195478253016128		0.8390972873817057		0.9194684265244315		0.9185605091322895		0.9205351444432402		0.9203781404875164		0.9185605091322895		0.9727746126895743		0.9092214957156801		0.9096533370186507		1		0		0.9096533370186507		1
0		2		predict		0		0.9720797580658976		0.9161810037568635		0.832363552288155		0.9162616687518045		0.9171443020903574		0.9152177054233697		0.9153807326218633		0.9171443020903574		0.9710284980256447		0.9092214957156801		0.9096533370186507		1		0
0		3		train		0		0.9760346107453852		0.9239070061489136		0.8478163863445677		0.9238169871601664		0.9227240022518387		0.9250900136074082		0.9249125644639047		0.9227240022518387		0.9752507741697214		0.9206424505947207		0.9206424505947207		3		0		0.9206424505947207		3
0		3		predict		0		0.9777616204304886		0.9262775744147963		0.8525905691881382		0.92594003834546		0.9217199691744533		0.9308351796551392		0.9301989281938486		0.9217199691744533		0.9773464930286313		0.9206424505947207		0.9206424505947207		3		0
0		4		train		0		0.9777646008243044		0.9273540103410126		0.8547112995111001		0.927253378673733		0.9259692991302725		0.9287387257204099		0.9285410245341175		0.9259692991302725		0.9770949627815461		0.9196419951699877		0.9206424505947207		3		0		0.9206424505947207		3
0		4		predict		0		0.9774261213057994		0.9254467296021578		0.851121661540311		0.9245734682316825		0.9138690877564781		0.9370243714478373		0.9355315870570108		0.9138690877564781		0.9770257412240135		0.9196419951699877		0.9206424505947207		3		0
0		5		train		0		0.9792448882465645		0.9292551309936855		0.8585126598283915		0.9291715456453891		0.92807362428614		0.9304366412581434		0.9302720677876085		0.92807362428614		0.9787249811601387		0.9200550251888527		0.9206424505947207		3		0		0.9206424505947207		3
0		5		predict		0		0.9779357833523303		0.9253564203833927		0.8508672331281817		0.9260606638915063		0.9348810326558135		0.915831808110972		0.9174051754696916		0.9348810326558135		0.9773599152724106		0.9200550251888527		0.9206424505947207		3		0
0		6		train		0		0.9804007036226569		0.9314919206135367		0.8629854989592529		0.9314248261626199		0.930512112664184		0.9324717315125899		0.932339331929706		0.930512112664184		0.9798877802036919		0.9251134998090353		0.9251134998090353		6		0		0.9251134998090353		6
0		6		predict		0		0.9798978465342106		0.9301127059050188		0.8602290640341034		0.9302143827628082		0.9315696946344283		0.9286557171756092		0.9288630087645575		0.9315696946344283		0.9797072037096227		0.9251134998090353		0.9251134998090353		6		0
0		7		train		0		0.9814486433028221		0.9332410118236759		0.8664847749292489		0.9331568976456988		0.9319812266499685		0.9345008007899522		0.9343355385469735		0.9319812266499685		0.9810658915508269		0.9202310653723684		0.9251134998090353		6		0		0.9251134998090353		6
0		7		predict		0		0.9779411340350755		0.9255430594355072		0.8512266495647879		0.9262134184541033		0.9346281668432713		0.9164579520277429		0.9179488392445333		0.9346281668432713		0.9772039525825712		0.9202310653723684		0.9251134998090353		6		0
0		8		train		0		0.9824538862359622		0.93546726474949		0.8709368943018263		0.9353920900821614		0.9343023063283289		0.9366322266777453		0.9364844190839441		0.9343023063283289		0.9821342683279568		0.9279095234829339		0.9279095234829339		8		0		0.9279095234829339		8
0		8		predict		0		0.980890467308006		0.9326353434158559		0.8652848402556191		0.9328274429522546		0.9354951353434159		0.9297755514882959		0.9301749218778061		0.9354951353434159		0.9806137192511616		0.9279095234829339		0.9279095234829339		8		0
0		9		train		0		0.9834418793488062		0.9371215257132965		0.8742441519905993		0.9370717017741282		0.9363283590177408		0.9379146947966716		0.9378162257346689		0.9363283590177408		0.9831664296588917		0.9285174236750409		0.9285174236750409		9		0		0.9285174236750409		9
0		9		predict		0		0.9810424242476194		0.9332193430305366		0.8664465576412925		0.9333613697807149		0.9353506405933918		0.9310880454676813		0.9313805424330351		0.9353506405933918		0.9803178970209507		0.9285174236750409		0.9285174236750409		9		0
0		10		train		0		0.9843094430820655		0.9391069399182653		0.8782149315247461		0.9390598826209041		0.9383333383507991		0.9398805438146502		0.9397875528781068		0.9383333383507991		0.9840421433990749		0.9214486301336693		0.9285174236750409		9		0		0.9285174236750409		9
0		10		predict		0		0.9780942679407543		0.9267772854252962		0.8536378473522974		0.9272851198163293		0.9337611983431269		0.9197933725074655		0.9208982519475585		0.9337611983431269		0.9775505244305207		0.9214486301336693		0.9285174236750409		9		0
0		11		train		0		0.9852065138635601		0.9407476537040242		0.8814962983293845		0.9407032935250238		0.939998133502723		0.9414971761617476		0.941409512323811		0.939998133502723		0.9849287267906236		0.929537152421432		0.929537152421432		11		0		0.929537152421432		11
0		11		predict		0		0.9815924329228488		0.9339478373952413		0.8680478535966015		0.9345604857710362		0.943309893073885		0.9245857817165977		0.9259718922496838		0.943309893073885		0.9809771070967157		0.929537152421432		0.929537152421432		11		0
0		12		train		0		0.9862122039204947		0.9428580029954315		0.885716035719938		0.9428506909944901		0.9427286383902365		0.9429873679900774		0.9429727752064971		0.9427286383902365		0.9860344089732399		0.9300751719676164		0.9300751719676164		12		0		0.9300751719676164		12
0		12		predict		0		0.9816457878720193		0.934658269916193		0.8693167304728617		0.9346798996093915		0.9349894037183316		0.9343271361140545		0.9343706003393379		0.9349894037183316		0.9815623226368511		0.9300751719676164		0.9300751719676164		12		0
0		13		train		0		0.9871377898531912		0.9451519918114835		0.8903043277587448		0.945127956461372		0.9447125443669413		0.9455914405789771		0.9455437340492526		0.9447125443669413		0.9869686344706122		0.9301156411691744		0.9301156411691744		13		0		0.9301156411691744		13
0		13		predict		0		0.9813535501341198		0.9347545997495424		0.869512334212945		0.9348420805800901		0.9360971968018496		0.9334120026972353		0.9335903255635215		0.9360971968018496		0.9804458414636785		0.9301156411691744		0.9301156411691744		13		0
0		14		train		0		0.9881756435452703		0.9471705213405686		0.8943413063307484		0.9471503152429412		0.9467867647280183		0.9475542791084137		0.9475141450599245		0.9467867647280183		0.9880030848848455		0.9299419044971717		0.9301156411691744		13		0		0.9301156411691744		13
0		14		predict		0		0.981640058617251		0.9343813216453135		0.8688650456438621		0.9348811920822604		0.942057605240343		0.9267050380502841		0.927813289375378		0.942057605240343		0.9810847165406301		0.9299419044971717		0.9301156411691744		13		0
0		15		train		0		0.989051155827273		0.9493651641842717		0.8987303283728455		0.9493651641842719		0.9493637351620993		0.9493665932107462		0.9493665932107462		0.9493637351620993		0.9889081116612134		0.930764221411673		0.930764221411673		15		0		0.930764221411673		15
0		15		predict		0		0.9814436117079157		0.9353506405933918		0.8707171886221586		0.9355454447232261		0.9383729891147289		0.9323282920720547		0.9327348892878515		0.9383729891147289		0.9807332746004238		0.930764221411673		0.930764221411673		15		0
0		16		train		0		0.9900344177160207		0.9517193626805349		0.9034387721855415		0.951727210201474		0.951880496006599		0.9515582288693809		0.9515739737570723		0.951880496006599		0.9898958559724054		0.9295925849746062		0.930764221411673		15		0		0.930764221411673		15
0		16		predict		0		0.9811827561553033		0.9342669299682111		0.8685391553315318		0.9343814984433786		0.9360129081976688		0.9325209517387535		0.932755765677122		0.9360129081976688		0.9806539483308777		0.9295925849746062		0.930764221411673		15		0
0		17		train		0		0.9908965265117968		0.9537785337437626		0.90755765184985		0.9538048179467237		0.9543460786999546		0.9532109870789832		0.9532641708013833		0.9543460786999546		0.9907633847855678		0.9295759347457663		0.930764221411673		15		0		0.930764221411673		15
0		17		predict		0		0.9811934291750143		0.9339899816973317		0.8682775159635749		0.9348428121471444		0.9470787978036798		0.9209011655909836		0.922918964586609		0.9470787978036798		0.9805359751770629		0.9295759347457663		0.930764221411673		15		0
0		18		train		0		0.9919134635017193		0.9567182713800811		0.9134373439460816		0.9567469832397192		0.9573806420148537		0.9560558987512493		0.9561141627056068		0.9573806420148537		0.9918215764379489		0.9279760659856633		0.930764221411673		15		0		0.930764221411673		15
0		18		predict		0		0.9798607821437997		0.9328460649263077		0.8658075499255996		0.933389866946946		0.9410100183026683		0.9246821115499471		0.9258921378133738		0.9410100183026683		0.9785091549277629		0.9279760659856633		0.930764221411673		15		0
0		19		train		0		0.9926049945336034		0.9585546666265269		0.9171102433175065		0.9585839046710809		0.9592591812097913		0.9578501499223294		0.9579095781939088		0.9592591812097913		0.9925206333477969		0.9131368571872175		0.930764221411673		15		0		0.930764221411673		15
0		19		predict		0		0.9740062354776234		0.9198294961949716		0.8399484280848403		0.9187632689914347		0.9067045564011175		0.9329544359888258		0.9311470544591186		0.9067045564011175		0.973321441616936		0.9131368571872175		0.930764221411673		15		0
0		20		train		0		0.9934976849791821		0.9610368106932392		0.9220747993421223		0.9610679870111314		0.9618361516438724		0.9602374673361993		0.9603010483793402		0.9618361516438724		0.9934310100266004		0.929491244873842		0.930764221411673		15		0		0.930764221411673		15
0		20		predict		0		0.9799831788575437		0.9344114247182352		0.8688594240922872		0.9347109518273022		0.9389991330314998		0.9298237164049706		0.9304617587400071		0.9389991330314998		0.9783391758426245		0.929491244873842		0.930764221411673		15		0
0		0		train		1		0.9534148827101112		0.8877076101910751		0.7755522067690626		0.8887530215974315		0.8971048218849816		0.8783103984971686		0.880555292893953		0.8971048218849816		0.9500057418133719		0.892842371147712		0.892842371147712		0		0		0.930764221411673		15
0		0		predict		1		0.9656338572457013		0.9018092055751227		0.8045924259302355		0.8993339958397886		0.8772155861670359		0.9264031211241827		0.9225966591948127		0.8772155861670359		0.9638864748971542		0.892842371147712		0.930764221411673		15		0
0		1		train		1		0.9698904944999563		0.9128917762732071		0.8257849724868269		0.9128109321561478		0.9119645485936545		0.9138190039527595		0.9136588882152993		0.9119645485936545		0.968333659291633		0.9143078818393906		0.9143078818393906		1		0		0.930764221411673		15
0		1		predict		1		0.9754585447438262		0.9206658839820585		0.8418321971105395		0.9192749015211384		0.9034293420672382		0.9379026334485292		0.9356862256032924		0.9034293420672382		0.9748201792489855		0.9143078818393906		0.930764221411673		15		0
0		2		train		1		0.9738642072643097		0.9197481432867813		0.8394992526602177		0.9196413364422733		0.9184190165967734		0.9210772699767892		0.9208669141839476		0.9184190165967734		0.9727231770178629		0.920388815825818		0.920388815825818		2		0		0.930764221411673		15
0		2		predict		1		0.977767438438753		0.9260242632228544		0.8520856380868833		0.9256779235547813		0.9213587322993931		0.9306898503257192		0.9300378009796653		0.9213587322993931		0.9774162907162618		0.920388815825818		0.930764221411673		15		0
0		3		train		1		0.9762438936252358		0.923351687223224		0.8467042994349477		0.9232949966483645		0.9226126145111132		0.9240907599353348		0.9239783889388028		0.9226126145111132		0.9753653054416663		0.9184341672750707		0.920388815825818		2		0		0.930764221411673		15
0		3		predict		1		0.9766051059686919		0.9242180679731479		0.8484534736733292		0.9244600214851135		0.927415470571236		0.9210206268739388		0.9215233491666567		0.927415470571236		0.9757079945773481		0.9184341672750707		0.930764221411673		15		0
0		4		train		1		0.9778753285031706		0.9267219190000391		0.8534456157760765		0.9266470584689935		0.9257013664566356		0.9277424715434427		0.9275946846860436		0.9257013664566356		0.9772291141429426		0.9234133405391569		0.9234133405391569		4		0		0.930764221411673		15
0		4		predict		1		0.9789679969940341		0.92869743219242		0.8573988457008888		0.9285890872692849		0.9271746459878625		0.930220236733416		0.930007850715623		0.9271746459878625		0.9784694334710025		0.9234133405391569		0.930764221411673		15		0
0		5		train		1		0.9791638464511876		0.9293982352569293		0.8587974125390522		0.9293459103959606		0.928657657305079		0.9301388132087798		0.930035184409116		0.928657657305079		0.9785670876952216		0.9273053275571114		0.9273053275571114		5		0		0.930764221411673		15
0		5		predict		1		0.9811899436391194		0.9317438815135917		0.8637355024478973		0.9325519826278371		0.9437192948656199		0.9197683239611304		0.9216458717969825		0.9437192948656199		0.9808512547050982		0.9273053275571114		0.930764221411673		15		0
0		6		train		1		0.9802313500418595		0.9313339735619692		0.8626701577860053		0.9312561596397797		0.9302020332778401		0.9324659138460982		0.9323126778327263		0.9302020332778401		0.9797085528530716		0.9250906280206791		0.9273053275571114		5		0		0.930764221411673		15
0		6		predict		1		0.9801954128101524		0.929835335199735		0.8598290507327374		0.9305027133400917		0.9394326172815721		0.9202379375534336		0.9217409796554902		0.9394326172815721		0.9794564487201335		0.9250906280206791		0.930764221411673		15		0
0		7		train		1		0.9812633826387878		0.9329912425151954		0.8659847576224146		0.9329143967992043		0.9318457550734105		0.9341367299569803		0.9339854923780672		0.9318457550734105		0.9808445728674492		0.9306484459878384		0.9306484459878384		7		0		0.930764221411673		15
0		7		predict		1		0.982540488842232		0.9348685992955839		0.8698338406376622		0.9353508551758758		0.9423225122820538		0.9274145965537587		0.9284815983674631		0.9423225122820538		0.9820651794691646		0.9306484459878384		0.930764221411673		15		0
0		8		train		1		0.982201042744981		0.9347614044488866		0.8695238539489687		0.9347107923552832		0.933986205983027		0.9355366029147463		0.9354365038684428		0.933986205983027		0.98181601776547		0.9320402201995833		0.9320402201995833		8		1		0.9320402201995833		8
0		8		predict		1		0.9830200750493462		0.9361811011770372		0.8724183187794956		0.9365413857924544		0.9418529043444754		0.9305092297132949		0.9312894392189547		0.9418529043444754		0.9824657606394982		0.9320402201995833		0.9320402201995833		8		1
0		9		train		1		0.9831470081585861		0.9368551929265774		0.8737114156462249		0.9368066811682404		0.9360875206594155		0.9376228651937394		0.9375269475340934		0.9360875206594155		0.9827821429574742		0.9318519519656414		0.9320402201995833		8		1		0.9320402201995833		8
0		9		predict		1		0.9829901495202866		0.9361449772720432		0.8723031085032228		0.9359695725670129		0.9333999614680667		0.9388900261297819		0.9385533707865169		0.9333999614680667		0.9823527666196232		0.9318519519656414		0.9320402201995833		8		1
0		10		train		1		0.9840523402423174		0.9382204453703341		0.8764416081092821		0.9381808980285304		0.9375807184810325		0.9388601722596358		0.9387818464617722		0.9375807184810325		0.9837766772177408		0.9344564319769617		0.9344564319769617		10		1		0.9344564319769617		10
0		10		predict		1		0.9840139299211997		0.9383364941750203		0.8767452096514705		0.9387300941601561		0.9447548405741258		0.9319180704902044		0.9327817010247996		0.9447548405741258		0.9827388631555591		0.9344564319769617		0.9344564319769617		10		1
0		11		train		1		0.9849065787642909		0.9403759486773459		0.8807520716909156		0.9403571853397719		0.9400613535717833		0.9406905437829083		0.9406532033594004		0.9400613535717833		0.9846628509563515		0.9361838288806452		0.9361838288806452		11		1		0.9361838288806452		11
0		11		predict		1		0.9846773400698896		0.9399500285980914		0.8799263445803734		0.9401816022742266		0.9438156246989693		0.9360843859501247		0.9365754570438524		0.9438156246989693		0.983968652066847		0.9361838288806452		0.9361838288806452		11		1
0		12		train		1		0.9856947918285821		0.9417306644429259		0.8834617160988739		0.941703374069138		0.941262534883931		0.9421987940019206		0.9421446263808451		0.941262534883931		0.9855056149992314		0.9373591487124022		0.9373591487124022		12		1		0.9373591487124022		12
0		12		predict		1		0.9848971941060248		0.9411059935579036		0.8822180517855693		0.9412153554001106		0.9429606974279935		0.9392512673546305		0.9394764624022266		0.9429606974279935		0.9838343529671777		0.9373591487124022		0.9373591487124022		12		1
0		13		train		1		0.9865300093030074		0.9432584827785522		0.8865171671264949		0.9432393445782552		0.9429213090768966		0.9435956564802076		0.9435575946907507		0.9429213090768966		0.9862970326132676		0.9383945238536645		0.9383945238536645		13		1		0.9383945238536645		13
0		13		predict		1		0.9855044650160076		0.9419669466269304		0.8839523686000554		0.9421543151716648		0.9452003660533668		0.9387334882656809		0.9391278339414967		0.9452003660533668		0.9843276177625854		0.9383945238536645		0.9383945238536645		13		1
0		14		train		1		0.9875410619014082		0.9453914074894708		0.890782895230128		0.9454029950924547		0.9456036462927451		0.9451791686861967		0.9452024290279675		0.9456036462927451		0.987349111948906		0.9394656339452946		0.9394656339452946		14		1		0.9394656339452946		14
0		14		predict		1		0.9855504999863087		0.9427797344892983		0.8859331843496999		0.9435991169558715		0.9573018013678837		0.9282574927450721		0.9302831734144629		0.9573018013678837		0.9841520116711087		0.9394656339452946		0.9394656339452946		14		1
0		15		train		1		0.9883371814563819		0.947161569423162		0.894323535877654		0.9471864520001987		0.9476327094616359		0.9466904293846881		0.946740614642421		0.9476327094616359		0.9881830188873066		0.9410522529635938		0.9410522529635938		15		1		0.9410522529635938		15
0		15		predict		1		0.986046953657785		0.9444113308648665		0.8889235120246076		0.9448272153071163		0.9519434543878239		0.9368791166447915		0.9378165814541097		0.9519434543878239		0.9846497047110612		0.9410522529635938		0.9410522529635938		15		1
0		16		train		1		0.9892325736777362		0.9496075839999036		0.8992155957550105		0.9496321482841109		0.9500952816755125		0.9491198863242949		0.9491694661906724		0.9500952816755125		0.989110848979914		0.9414048096439017		0.9414048096439017		16		1		0.9414048096439017		16
0		16		predict		1		0.9862690579844385		0.9445136819290165		0.8894653708746922		0.9453711277874595		0.960203737597534		0.9288234373306682		0.9309897961566301		0.960203737597534		0.9848577042501038		0.9414048096439017		0.9414048096439017		16		1
0		17		train		1		0.9900995526110733		0.9515403118254644		0.9030814895836664		0.9515738425946817		0.9522327221056498		0.9508479015452791		0.950915874251803		0.9522327221056498		0.9899581096040979		0.9421641620200765		0.9421641620200765		17		1		0.9421641620200765		17
0		17		predict		1		0.9865108970109573		0.9452421806797314		0.8908686221592792		0.9460349482303378		0.9599267893266544		0.9305573952099414		0.9325394504427574		0.9599267893266544		0.9849349091784053		0.9421641620200765		0.9421641620200765		17		1
0		18		train		1		0.990857330947075		0.9535422806790438		0.9070850881699596		0.953567302137493		0.9540811565057967		0.9530034048522908		0.9530540009803598		0.9540811565057967		0.9907821797200154		0.9437016386613076		0.9437016386613076		18		1		0.9437016386613076		18
0		18		predict		1		0.9866552493054122		0.9467834672928144		0.8938843404324972		0.9474834976145066		0.9601074077641846		0.9334593663828916		0.9351872485661674		0.9601074077641846		0.9845932039253529		0.9437016386613076		0.9437016386613076		18		1
0		19		train		1		0.9916072575056448		0.9556721949104834		0.9113449044255499		0.9556957359646998		0.9562035445385386		0.9551408452824282		0.9551884664657802		0.9562035445385386		0.9915005361545542		0.9439944111340228		0.9439944111340228		19		1		0.9439944111340228		19
0		19		predict		1		0.9866619508793665		0.946964086817785		0.8944755587682183		0.9478760480707213		0.9644542914940757		0.9294736715353956		0.9318581085011576		0.9644542914940757		0.9847886898643765		0.9439944111340228		0.9439944111340228		19		1
0		20		train		1		0.9924950199927416		0.9578036143816626		0.9156093856266387		0.9578493595382119		0.9588888922338661		0.956718336529459		0.9568120783192248		0.9588888922338661		0.99242327222166		0.9447873390563903		0.9447873390563903		20		1		0.9447873390563903		20
0		20		predict		1		0.9866791247138229		0.9476504410126735		0.896092013867877		0.9487277766311879		0.9686566804739428		0.9266439486074151		0.9296023666177473		0.9686566804739428		0.9847140062094647		0.9447873390563903		0.9447873390563903		20		1
0		21		train		1		0.9932278896478342		0.9601803879303856		0.9203633393611628		0.960227323981778		0.9613604958861798		0.9590002799745916		0.9590968203101301		0.9613604958861798		0.9931792317634234		0.9475986317982901		0.9475986317982901		21		1		0.9475986317982901		21
0		21		predict		1		0.9871898240872158		0.9505584153647009		0.901437209255117		0.9512090784861267		0.9638883537231481		0.9372283164954784		0.9388590462339612		0.9638883537231481		0.9850932081084391		0.9475986317982901		0.9475986317982901		21		1
0		22		train		1		0.9938440822355015		0.9616750909917423		0.9233527211108877		0.9617199774478482		0.9628476727488388		0.9605025092346458		0.960594920589154		0.9628476727488388		0.9937872327737023		0.9465614051597777		0.9475986317982901		21		1		0.9475986317982901		21
0		22		predict		1		0.9867752540944248		0.9494385743098829		0.8995997401052346		0.9504320521295683		0.9694754840574126		0.9294014232904259		0.9321223488005927		0.9694754840574126		0.9844750028762548		0.9465614051597777		0.9475986317982901		21		1
0		23		train		1		0.9945115180828092		0.9639525187176562		0.9279077826071063		0.9639963076219943		0.9651687524271991		0.9627362850081133		0.9628267078301765		0.9651687524271991		0.9944720371937164		0.9476705026058224		0.9476705026058224		23		1		0.9476705026058224		23
0		23		predict		1		0.9871268697450779		0.9502634034739156		0.9017606909062074		0.951531046298089		0.9764112320585685		0.924115260033475		0.927887311050337		0.9764112320585685		0.9843442594992866		0.9476705026058224		0.9476705026058224		23		1
0		24		train		1		0.9950589793493612		0.9663684284996071		0.9327404578605853		0.9664150892345803		0.9677577647791964		0.9649790922200179		0.9650761342075558		0.9677577647791964		0.995029346003026		0.9497549787382634		0.9497549787382634		24		1		0.9497549787382634		24
0		24		predict		1		0.9871460301278847		0.9525632920918752		0.905830321845469		0.9534802708878248		0.9722690492245448		0.9328572976748106		0.9354038993987558		0.9722690492245448		0.9845681164829099		0.9497549787382634		0.9497549787382634		24		1
0		0		train		2		0.9545953321637756		0.8893859525006548		0.7787996133766278		0.8898505279188427		0.8936036342508271		0.8851682707504824		0.8861288155832525		0.8936036342508271		0.9509629105831041		0.9031161618352146		0.9031161618352146		0		1		0.9497549787382634		24
0		0		predict		2		0.9687747133588928		0.9105993557903609		0.8214338371767489		0.9116567410148557		0.9225628552162605		0.8986357123074885		0.9010054683365673		0.9225628552162605		0.9670726595524727		0.9031161618352146		0.9497549787382634		24		1
0		1		train		2		0.9696470526944789		0.9127096422647235		0.8254204201155049		0.9126371846729789		0.9118802551682407		0.9135390293612063		0.9133953718390215		0.9118802551682407		0.9681884744044393		0.9081354197903563		0.9081354197903563		1		1		0.9497549787382634		24
0		1		predict		2		0.9721077633489447		0.9149823895963154		0.8300129696472484		0.9154385565689168		0.9203713515075619		0.9095933627945622		0.9105583550742766		0.9203713515075619		0.971265158576838		0.9081354197903563		0.9497549787382634		24		1
0		2		train		2		0.9736957959091563		0.9195569778398606		0.8391182766378182		0.9194276926788083		0.917952392277518		0.9211615634022031		0.9209077428142565		0.917952392277518		0.9726328183301611		0.7657508869565524		0.9081354197903563		1		1		0.9497549787382634		24
0		2		predict		2		0.9129506342186899		0.7897648935849966		0.6079071351772182		0.7523808848453046		0.6387872073981312		0.9407443977506713		0.9151127287781822		0.6387872073981312		0.9145164518602693		0.7657508869565524		0.9497549787382634		24		1
0		3		train		2		0.9759962663739008		0.9237535862336794		0.8475102556774469		0.9236506142135806		0.9224048914270576		0.9251022810403013		0.9248997062880913		0.9224048914270576		0.9751598609670741		0.9222993490519322		0.9222993490519322		3		1		0.9497549787382634		24
0		3		predict		2		0.9786348415552525		0.9276377976459256		0.8552756337770976		0.9276491232294531		0.9277887486754648		0.9274868447987284		0.9275095398023425		0.9277887486754648		0.9780262148848828		0.9222993490519322		0.9497549787382634		24		1
0		4		train		2		0.9777047422079389		0.9264630177648394		0.8529286853438329		0.9263712514204587		0.9252166792605058		0.927709356269173		0.9275287087476799		0.9252166792605058		0.9769950370524374		0.9196936712730954		0.9222993490519322		3		1		0.9497549787382634		24
0		4		predict		2		0.9773066739109241		0.9253680122821277		0.8507360308345921		0.9253639680647375		0.925308255466718		0.9254277698170915		0.9254196873720465		0.925308255466718		0.9764577793894303		0.9196936712730954		0.9497549787382634		24		1
0		5		train		2		0.979148560894865		0.9289451580953298		0.8578920457126704		0.9288737477003189		0.9279411631890612		0.9299491530015985		0.9298082085995427		0.9279411631890612		0.9786006638232784		0.9288628899190055		0.9288628899190055		5		1		0.9497549787382634		24
0		5		predict		2		0.9812812704908743		0.9335862006682922		0.8671863526677989		0.9333977358490565		0.9307508910509584		0.9364215444266499		0.936059677634208		0.9307508910509584		0.9807128048361964		0.9288628899190055		0.9497549787382634		24		1
0		6		train		2		0.980246121364317		0.9312677430134297		0.8625373685428812		0.9311958677138018		0.9302231066341936		0.9323123793926659		0.9321706654116853		0.9302231066341936		0.9797760434397181		0.9288375575251442		0.9288628899190055		5		1		0.9497549787382634		24
0		6		predict		2		0.9816321150690418		0.9334778289533099		0.8669729868531194		0.9332672992251059		0.9303174068008863		0.9366382891615591		0.9362359584600657		0.9303174068008863		0.9810028899219921		0.9288375575251442		0.9497549787382634		24		1
0		7		train		2		0.9814379040329955		0.933405183443567		0.8668117065395897		0.9333465910974115		0.9325261234356796		0.9342842434514546		0.9341685037802823		0.9325261234356796		0.9809973416631337		0.9303101867170864		0.9303101867170864		7		1		0.9497549787382634		24
0		7		predict		2		0.9826633000422068		0.9347722688822662		0.8697511502117468		0.9340540277321256		0.9238753491956458		0.9456693197827736		0.9444594894015116		0.9238753491956458		0.9820823352017802		0.9303101867170864		0.9497549787382634		24		1
0		8		train		2		0.9824118104805071		0.9352445864052767		0.870490975410946		0.9351786279325569		0.9342270443413523		0.9362621284692013		0.9361321520255085		0.9342270443413523		0.9820683198987676		0.9328688421351806		0.9328688421351806		8		1		0.9497549787382634		24
0		8		predict		2		0.9833535241713396		0.936855414070261		0.8738507173943948		0.9374157129047272		0.9458024275118004		0.9279082928943851		0.9291764260534223		0.9458024275118004		0.9824953919978497		0.9328688421351806		0.9497549787382634		24		1
0		9		train		2		0.983328336481147		0.9366098388490335		0.8732203991728377		0.9365690694196129		0.9359671014802528		0.9372525762178142		0.9371718121695514		0.9359671014802528		0.9829475372625134		0.9338996206572758		0.9338996206572758		9		1		0.9497549787382634		24
0		9		predict		2		0.9834644482696471		0.937993317077576		0.8759969446466092		0.938143772635271		0.9404199980734034		0.935566606861175		0.9358785395022229		0.9404199980734034		0.981916718360762		0.9338996206572758		0.9497549787382634		24		1
0		10		train		2		0.9842468918068583		0.9385214933182408		0.8770443006471527		0.9384682367864821		0.9376559804680091		0.9393870061684725		0.9392819015796235		0.9376559804680091		0.9839103028821399		0.9355164441797093		0.9355164441797093		10		1		0.9497549787382634		24
0		10		predict		2		0.9843194883451345		0.9393238809115265		0.8787177216822494		0.9397046857799263		0.9456338503034389		0.9330138355389117		0.9338494101978692		0.9456338503034389		0.9832801950663408		0.9355164441797093		0.9497549787382634		24		1
0		11		train		2		0.9852501095574864		0.9405084097744247		0.8810171529917527		0.9404825188199205		0.9400733954896996		0.9409434240591499		0.9408919984090827		0.9400733954896996		0.9849746247314521		0.9366160034546654		0.9366160034546654		11		1		0.9497549787382634		24
0		11		predict		2		0.984552125539342		0.9404798458713387		0.8809597228395957		0.9404723195683852		0.9403477506983913		0.9406119426348934		0.9405969214462939		0.9403477506983913		0.9834801257844559		0.9366160034546654		0.9497549787382634		24		1
0		12		train		2		0.9861495983983657		0.9424682319152972		0.8849364970380993		0.9424603503172728		0.9423312550989996		0.9426052087315947		0.9425894809113412		0.9423312550989996		0.9859392621352685		0.9366896024068239		0.9366896024068239		12		1		0.9497549787382634		24
0		12		predict		2		0.9842564291730971		0.9404738252205064		0.881067357455052		0.9409607977786403		0.9487164049706194		0.9322311462184064		0.9333309641422937		0.9487164049706194		0.9823095362557839		0.9366896024068239		0.9497549787382634		24		1
0		13		train		2		0.9870309052112844		0.9445018108034067		0.8890036351587347		0.9444969651717326		0.9444145068985137		0.9445891147082995		0.9445794378453246		0.9444145068985137		0.9867807773396431		0.9394055015274234		0.9394055015274234		13		1		0.9497549787382634		24
0		13		predict		2		0.9857971838071178		0.9428519822992866		0.8857710305034152		0.9432018094998743		0.9490053944706676		0.9366984960323672		0.9374687760199834		0.9490053944706676		0.9847649050978525		0.9394055015274234		0.9497549787382634		24		1
0		14		train		2		0.9879952650212857		0.9467340813371345		0.8934683978295224		0.9467533972226361		0.9470968441143621		0.9463713185599071		0.9464101993297515		0.9470968441143621		0.9877506039857078		0.939479893741243		0.939479893741243		14		1		0.9497549787382634		24
0		14		predict		2		0.9855159839805855		0.9428700442517837		0.885991157413676		0.9435423893189269		0.9547731432424622		0.9309668019314364		0.9325727727139077		0.9547731432424622		0.9844383413731552		0.939479893741243		0.9497549787382634		24		1
0		15		train		2		0.9889929320142999		0.9487917440610766		0.8975835701370891		0.9488026871817098		0.9490054881040904		0.9485780000180629		0.9485999729172623		0.9490054881040904		0.9888215144655697		0.9412629872958664		0.9412629872958664		15		1		0.9497549787382634		24
0		15		predict		2		0.9863136685440406		0.9444775580240224		0.8891738453154465		0.9450868772999559		0.9555678643675947		0.9333871181379219		0.9348333137000825		0.9555678643675947		0.984691736532347		0.9412629872958664		0.9497549787382634		24		1
0		16		train		2		0.9898493085446809		0.9509758469231394		0.9019518723787953		0.9509912648313533		0.9512904420287019		0.950661251817577		0.9506922757550048		0.9512904420287019		0.989684628327943		0.9417010109436944		0.9417010109436944		16		1		0.9497549787382634		24
0		16		predict		2		0.9858937742652871		0.944911044883952		0.8902484509070654		0.9457507737184733		0.9603843560350641		0.9294375474129107		0.931556448410381		0.9603843560350641		0.9822465778330802		0.9417010109436944		0.9497549787382634		24		1
0		17		train		2		0.9906524123408109		0.9527580507747468		0.9055175347716613		0.9528000397030095		0.9536476474608111		0.9518684540886827		0.951953937324951		0.9536476474608111		0.9904891760868965		0.9443649195758129		0.9443649195758129		17		1		0.9497549787382634		24
0		17		predict		2		0.9869281511131608		0.9474517595352058		0.8950928305139353		0.9479869371409501		0.9577352856179558		0.9371681096246703		0.9384350370475246		0.9577352856179558		0.9855666820130403		0.9443649195758129		0.9497549787382634		24		1
0		18		train		2		0.9916135291558781		0.955473503264865		0.9109480261723175		0.9555067888208194		0.9562216074154131		0.954725399114317		0.9547930381459103		0.9562216074154131		0.991466231349074		0.9448033757543851		0.9448033757543851		18		1		0.9497549787382634		24
0		18		predict		2		0.9871351087517327		0.9477527920768235		0.8958539968401967		0.9484716053487875		0.9616968500144495		0.9338085662335786		0.9356051731409025		0.9616968500144495		0.9855146841094415		0.9448033757543851		0.9497549787382634		24		1
0		19		train		2		0.992423777114096		0.9577358785933836		0.9154732110740753		0.9577735067028806		0.9586269805191873		0.9568447766675798		0.9569215512448725		0.9586269805191873		0.992318334933433		0.9468982987153566		0.9468982987153566		19		1		0.9497549787382634		24
0		19		predict		2		0.9873631819304893		0.9497817514073271		0.8999453389351161		0.9505029225884937		0.9643459204315576		0.935217407010488		0.9370517275673652		0.9643459204315576		0.9850869713674456		0.9468982987153566		0.9497549787382634		24		1
0		20		train		2		0.993159299396638		0.9598386985095116		0.919679491955284		0.959881513559029		0.9609059134848408		0.9587714835341825		0.9588592954860882		0.9609059134848408		0.9930567752493973		0.9463603107389497		0.9468982987153566		19		1		0.9497549787382634		24
0		20		predict		2		0.9873959385193116		0.9490713146091092		0.8988869563416133		0.9500870334857647		0.9694152779115692		0.9287271063373752		0.9315144572876531		0.9694152779115692		0.9854773988622211		0.9463603107389497		0.9497549787382634		24		1
0		21		train		2		0.9938487677860275		0.9619866756178257		0.9239753794819944		0.9620264584793141		0.9630343224765409		0.9609390287591104		0.9610207018376599		0.9630343224765409		0.9937744274781349		0.947428720644321		0.947428720644321		21		1		0.9497549787382634		24
0		21		predict		2		0.9870766575280088		0.950305548029742		0.9011682902159173		0.9511643868036163		0.9678860418071477		0.9327248425590329		0.9350107016564303		0.9678860418071477		0.9841274555559233		0.947428720644321		0.9497549787382634		24		1
0		22		train		2		0.9944262720921788		0.9640624012186421		0.9281270375753282		0.9641017930308612		0.9651597209887619		0.9629650814485223		0.9630461817591964		0.9651597209887619		0.9943565155609352		0.9479240773293655		0.9479240773293655		22		1		0.9497549787382634		24
0		22		predict		2		0.9876128205625405		0.9505343327613716		0.9019468939765847		0.9516022620169652		0.9725941624120991		0.9284742374799813		0.9314973706061445		0.9725941624120991		0.985320619593434		0.9479240773293655		0.9497549787382634		24		1
0		23		train		2		0.9950014785505579		0.9660192128800354		0.9320406826558053		0.9660565618717832		0.9671195431296342		0.9649188826304366		0.9649959147381828		0.9671195431296342		0.9949083068177614		0.9494165671277073		0.9494165671277073		23		1		0.9497549787382634		24
0		23		predict		2		0.987734751002866		0.9519792889611367		0.9049013591402829		0.9530508694065432		0.9747977073499663		0.9291605958071936		0.9322531610585227		0.9747977073499663		0.9854194148155496		0.9494165671277073		0.9497549787382634		24		1
0		24		train		2		0.9955136876265225		0.9676900289909174		0.9353845112647402		0.9677398023057813		0.969232899723939		0.9661471582578958		0.9662512980269989		0.969232899723939		0.9954655804067742		0.9505024877025495		0.9505024877025495		24		2		0.9505024877025495		24
0		24		predict		2		0.98753379462232		0.9532014810801047		0.9071452602188647		0.9541294148889086		0.9734250072247375		0.9329777114164268		0.9355839225988635		0.9734250072247375		0.9850181279590806		0.9505024877025495		0.9505024877025495		24		2
0		0		train		3		0.9559318485095236		0.8911982611470529		0.7824460659558451		0.8918070182791386		0.8968248472934284		0.8855716750006773		0.8868450274030919		0.8968248472934284		0.952846315270938		0.9032547030806323		0.9032547030806323		0		2		0.9505024877025495		24
0		0		predict		3		0.9697794448040777		0.9103224058520726		0.8211099382015407		0.9118070234648381		0.9271505635295251		0.8934940455404771		0.8969630604708596		0.9271505635295251		0.9688577281211068		0.9032547030806323		0.9505024877025495		24		2
0		1		train		3		0.9701562830386067		0.9129459649038303		0.8259005312197747		0.9127468581687612		0.9106640214586977		0.9152279083489627		0.9148392442924239		0.9106640214586977		0.9687145880901447		0.9160560633413132		0.9160560633413132		1		2		0.9505024877025495		24
0		1		predict		3		0.9754194587779411		0.9221409434359854		0.8442962199831188		0.9223676311682074		0.9250553896541759		0.9192264621238576		0.919695446056601		0.9250553896541759		0.9746292195586569		0.9160560633413132		0.9505024877025495		24		2
0		2		train		3		0.9736982625278668		0.9192468984535167		0.8384959685402655		0.919154899862867		0.9181089372104295		0.9203848596966039		0.9202032484754855		0.9181089372104295		0.972761390075768		0.919419896519635		0.919419896519635		2		2		0.9505024877025495		24
0		2		predict		3		0.9769041448573159		0.9251572895029953		0.8503205380361122		0.9252976136821168		0.9270301512378384		0.9232844052163233		0.9235715399656905		0.9270301512378384		0.9762906023271611		0.919419896519635		0.9505024877025495		24		2
0		3		train		3		0.9758327944915034		0.9229753772883407		0.8459567731451502		0.9228298292999625		0.9210893118947054		0.924861442681976		0.9245769370240542		0.9210893118947054		0.9750179817785715		0.9224700737958005		0.9224700737958005		3		2		0.9505024877025495		24
0		3		predict		3		0.9782606702219809		0.9278966856317168		0.8557937102267782		0.9279292291027261		0.9283426452172238		0.9274507206762436		0.927516181035105		0.9283426452172238		0.9774299238007451		0.9224700737958005		0.9505024877025495		24		2
0		4		train		3		0.9774697320252502		0.9258458694716307		0.8516935657897522		0.9257689954765858		0.9248102645308318		0.9268814744124296		0.9267297162767546		0.9248102645308318		0.9769310414480818		0.9237866945620103		0.9237866945620103		4		2		0.9505024877025495		24
0		4		predict		3		0.9790609098511267		0.9288359071615642		0.8578011197784868		0.9294488414568635		0.937518061843753		0.9201536479343022		0.9215173393300983		0.937518061843753		0.9783692079433541		0.9237866945620103		0.9505024877025495		24		2
0		5		train		3		0.9786551858426552		0.9282346849382701		0.8564695805768552		0.9282095065147046		0.9278839640789589		0.9285854057975814		0.9285352774597819		0.9278839640789589		0.9780799500004761		0.9265193058599698		0.9265193058599698		5		2		0.9505024877025495		24
0		5		predict		3		0.9806939595272979		0.9310936512236972		0.8624142071853454		0.9318754055035386		0.9425633368654273		0.919623827471191		0.9214271420667899		0.9425633368654273		0.9803197888383046		0.9265193058599698		0.9505024877025495		24		2
0		6		train		3		0.9797811055076883		0.9301072031742496		0.8602160992050929		0.9300378039648207		0.9291152501858971		0.931099156162602		0.9309621916419819		0.9291152501858971		0.9792399467823193		0.8918682981470327		0.9265193058599698		5		2		0.9505024877025495		24
0		6		predict		3		0.9654493808358695		0.9007736536319576		0.8018440410649381		0.899406117055366		0.8871736826895289		0.914373788336725		0.9119805914171484		0.8871736826895289		0.9644777669156462		0.8918682981470327		0.9505024877025495		24		2
0		7		train		3		0.9806183711536652		0.931753935449299		0.863509529228285		0.9316869947792285		0.9307740243788628		0.9327338465197352		0.932601757952715		0.9307740243788628		0.9801684033623725		0.9303571296878399		0.9303571296878399		7		2		0.9505024877025495		24
0		7		predict		3		0.9824154649774081		0.934651855865619		0.8693552098843808		0.9350059880239521		0.9400948848858491		0.92920876130384		0.9299718886983038		0.9400948848858491		0.9819380880757793		0.9303571296878399		0.9505024877025495		24		2
0		8		train		3		0.9817834294626806		0.934037384134171		0.8680760373691002		0.9339809394104656		0.9331824079621162		0.934892360306226		0.9347808386483919		0.9331824079621162		0.9813845888951053		0.9323158570085363		0.9323158570085363		8		2		0.9505024877025495		24
0		8		predict		3		0.9830751707738224		0.9364580511153255		0.8729588573389969		0.9367713488060004		0.9414073788652345		0.9315086637687093		0.9321807559317992		0.9414073788652345		0.9825319748595952		0.9323158570085363		0.9505024877025495		24		2
0		9		train		3		0.9827740317216221		0.9359460281238993		0.8718928850208916		0.9359018388643867		0.935256628323193		0.9366354279246055		0.9365479402499133		0.935256628323193		0.9825212133189493		0.9324090163711873		0.9324090163711873		9		2		0.9505024877025495		24
0		9		predict		3		0.9835095761640793		0.9363797826545049		0.8728683204577036		0.936878386208462		0.9442731914073789		0.9284862788541428		0.9295985016417928		0.9442731914073789		0.9829742975605791		0.9324090163711873		0.9505024877025495		24		2
0		10		train		3		0.983525671007949		0.9369650754275634		0.8739301743352048		0.9369577686148233		0.9368491719676193		0.9370809788875074		0.9370663904413181		0.9368491719676193		0.9833028973084641		0.9332428978448177		0.9332428978448177		10		2		0.9505024877025495		24
0		10		predict		3		0.9839432648542051		0.9368614347210934		0.8742388780246664		0.9379280137793061		0.9540386282631731		0.9196840343419991		0.9223524755241499		0.9540386282631731		0.9828003749322345		0.9332428978448177		0.9505024877025495		24		2
0		11		train		3		0.9845638332652977		0.9391431573306681		0.8782863560687242		0.9391524995183973		0.9392966917841005		0.9389896228772356		0.9390083515160635		0.9392966917841005		0.9843266266105098		0.9341725226347002		0.9341725226347002		11		2		0.9505024877025495		24
0		11		predict		3		0.9837299820433661		0.9379632138234143		0.876228903609612		0.9387679910624087		0.9511005683460168		0.9248257011090105		0.9267511439633932		0.9511005683460168		0.9833211772581812		0.9341725226347002		0.9505024877025495		24		2
0		12		train		3		0.9854020168150989		0.9411466314239869		0.8822933233353265		0.9411575257837462		0.9413317759119495		0.9409614869360243		0.940983340154561		0.9413317759119495		0.9851963725037555		0.9381075555817124		0.9381075555817124		12		2		0.9505024877025495		24
0		12		predict		3		0.9850338008773157		0.9417441825461332		0.8835542196346556		0.9420980192687451		0.9478494364704749		0.9356388551061448		0.9364159786824011		0.9478494364704749		0.9839644580003846		0.9381075555817124		0.9505024877025495		24		2
0		13		train		3		0.986388150237652		0.9432163360658452		0.8864328595425451		0.9432347922390988		0.9435414678495844		0.942891204282106		0.9429283159189985		0.9435414678495844		0.9861719652637998		0.9381745822777824		0.9381745822777824		13		2		0.9505024877025495		24
0		13		predict		3		0.9851335563864987		0.9416418314819832		0.8835600173488004		0.9423629238938475		0.9541469993256911		0.9291365130588702		0.9308663729809105		0.9541469993256911		0.9836768784407488		0.9381745822777824		0.9505024877025495		24		2
0		14		train		3		0.9871747524013734		0.9450722966646898		0.8901453426315554		0.9451079083662641		0.9457210549924286		0.9444235383369509		0.9444955562771343		0.9457210549924286		0.9870224401164887		0.9399930976623686		0.9399930976623686		14		2		0.9505024877025495		24
0		14		predict		3		0.9857912841891466		0.9434058821758632		0.8869234556151776		0.9438517686692869		0.9513413929293902		0.935470275867882		0.9364791503686319		0.9513413929293902		0.984685627359186		0.9399930976623686		0.9505024877025495		24		2
0		15		train		3		0.9882163723240908		0.9475333636388268		0.8950673191443677		0.9475635147007497		0.9481083652193285		0.9469583620583251		0.9470192900422486		0.9481083652193285		0.9880487752770954		0.9411278718684939		0.9411278718684939		15		2		0.9505024877025495		24
0		15		predict		3		0.9860853388002666		0.9445076612781842		0.889079385817362		0.944839101578163		0.9505105481167517		0.9385047021566101		0.9392349336664881		0.9505105481167517		0.9848112170125984		0.9411278718684939		0.9505024877025495		24		2
0		16		train		3		0.9890584394090052		0.9492719155379877		0.8985440335598706		0.9492889376422914		0.9496075839999036		0.9489362470760718		0.9489705050602294		0.9496075839999036		0.9889103124693617		0.9424534488845026		0.9424534488845026		16		2		0.9505024877025495		24
0		16		predict		3		0.9865540991815801		0.9456696468888287		0.8914659629222512		0.9461240865453503		0.9540988344090164		0.9372403578696401		0.9382815460401668		0.9540988344090164		0.985116626216823		0.9424534488845026		0.9505024877025495		24		2
0		17		train		3		0.9897966849513834		0.9510556246293347		0.9021116122817481		0.9510775693453939		0.9515041860717156		0.9506070631869538		0.9506513350036545		0.9515041860717156		0.9896318407912063		0.9434051983829035		0.9434051983829035		17		2		0.9505024877025495		24
0		17		predict		3		0.986646429094534		0.946422228242873		0.8932935143805292		0.9472586218136775		0.9622748290145458		0.930569436584103		0.9327038666682228		0.9622748290145458		0.9844023661823219		0.9434051983829035		0.9505024877025495		24		2
0		18		train		3		0.9905633801560759		0.9529657738588025		0.9059323245293849		0.9529965507437788		0.9536205531454995		0.9523109945721056		0.9523733644410237		0.9536205531454995		0.990421782050219		0.9448419762371069		0.9448419762371069		18		2		0.9505024877025495		24
0		18		predict		3		0.9870852829408642		0.9478912670459677		0.895970923373803		0.9484204315877927		0.9581446874096908		0.9376377232169735		0.9388915765005723		0.9581446874096908		0.9849729835403349		0.9448419762371069		0.9505024877025495		24		2
0		19		train		3		0.9915233705234637		0.9557534778564182		0.9115090791585506		0.9558011797378595		0.9568327347496636		0.9546742209631728		0.9547718465559194		0.9568327347496636		0.991381503896713		0.9452555264107825		0.9452555264107825		19		2		0.9505024877025495		24
0		19		predict		3		0.9873213845240214		0.9479875974592854		0.8967002278590739		0.9490128958007495		0.9680907427030151		0.9278842101460618		0.9306724391401484		0.9680907427030151		0.9857348880490145		0.9452555264107825		0.9505024877025495		24		2
0		20		train		3		0.9921064313422254		0.9572933381099608		0.9145897130179539		0.9573482942023624		0.9585818233270013		0.9560048528929203		0.9561179356752715		0.9585818233270013		0.9919823548652116		0.9469652379556572		0.9469652379556572		20		2		0.9505024877025495		24
0		20		predict		3		0.9874105257521119		0.9497516481531654		0.9000705391156196		0.9506282388017321		0.9675007224737501		0.9320023601093357		0.9343341550769804		0.9675007224737501		0.9858229204591458		0.9469652379556572		0.9505024877025495		24		2
0		21		train		3		0.9929941411371176		0.9600012644013812		0.920004781001137		0.9600454681459851		0.9611076156099382		0.9588949131928243		0.9589856657094452		0.9611076156099382		0.9928935925982945		0.9468706059847944		0.9469652379556572		20		2		0.9505024877025495		24
0		21		predict		3		0.9874715987382815		0.9496011318823565		0.8998617683443854		0.9505479249741544		0.9687409690781235		0.9304610642166484		0.9330256184257831		0.9687409690781235		0.9856588377687451		0.9468706059847944		0.9505024877025495		24		2
0		22		train		3		0.993712626400375		0.9618421726028304		0.9236872565869358		0.9618900147328543		0.9630975425456012		0.9605868026600597		0.9606855111153819		0.9630975425456012		0.9936215328992783		0.9483280451939778		0.9483280451939778		22		2		0.9505024877025495		24
0		22		predict		3		0.9874545076223006		0.9510220054787922		0.9028192936679648		0.9520163740068539		0.9717392351411233		0.9303045263525473		0.9330781949149602		0.9717392351411233		0.9853042867604217		0.9483280451939778		0.9505024877025495		24		2
0		23		train		3		0.9943063504211392		0.9639675711150515		0.9279389852926393		0.9640193476045464		0.9654065803060453		0.9625285619240577		0.9626360959268031		0.9654065803060453		0.9942114860640955		0.9491229886318082		0.9491229886318082		23		2		0.9505024877025495		24
0		23		predict		3		0.9876233187767802		0.9516963183720161		0.9043755980152662		0.9527967193631705		0.9750024082458337		0.9283899478608498		0.931579976759972		0.9750024082458337		0.985709483849847		0.9491229886318082		0.9505024877025495		24		2
0		24		train		3		0.9947863603729701		0.9653960436278686		0.93079712618057		0.9654528814812477		0.9670412706631786		0.9637508165925587		0.9638697016797393		0.9670412706631786		0.9947135773335959		0.9502331206223809		0.9502331206223809		24		2		0.9505024877025495		24
0		24		predict		3		0.9877708823025018		0.9528342213793312		0.9065026254804085		0.953824753327282		0.9742799344957134		0.9313882500270931		0.9342108301581803		0.9742799344957134		0.9853308128059866		0.9502331206223809		0.9505024877025495		24		2
0		0		train		4		0.9552046377420504		0.8903540723437049		0.7807818065634112		0.8911019856580565		0.897222088430787		0.8834860562566227		0.8850648097281406		0.897222088430787		0.9517296404869208		0.900790306203513		0.900790306203513		0		2		0.9505024877025495		24
0		0		predict		4		0.9682588847150498		0.908582437761522		0.8172181087980531		0.9091017935394267		0.9142905307773818		0.9028742760123786		0.9039716176960808		0.9142905307773818		0.9672455062056723		0.900790306203513		0.9505024877025495		24		2
0		1		train		4		0.9699270428334368		0.9128260162797418		0.8256520325632247		0.912825885069305		0.9128245111260958		0.912827521433388		0.9128272590166501		0.9128245111260958		0.968404633411303		0.9130594266440675		0.9130594266440675		1		2		0.9505024877025495		24
0		1		predict		4		0.9741164469747279		0.9195460429272404		0.83909316344557		0.9194820532287317		0.9187457855697909		0.9203463099208882		0.9202195018995357		0.9187457855697909		0.9737014366765283		0.9130594266440675		0.9505024877025495		24		2
0		2		train		4		0.9742116606271892		0.9204029597341297		0.8408077490647262		0.9203198476399409		0.9193598882573933		0.921446031210866		0.9212818138214595		0.9193598882573933		0.9733459884773232		0.9176224434007267		0.9176224434007267		2		2		0.9505024877025495		24
0		2		predict		4		0.9771494949605133		0.9227731117733827		0.8462502737292856		0.9243168931397249		0.9431653983238609		0.9023805796717521		0.9062069763406028		0.9431653983238609		0.9766794649900548		0.9176224434007267		0.9505024877025495		24		2
0		3		train		4		0.9765282778358327		0.9244518230420962		0.848904714332257		0.924391849449505		0.9236586070706098		0.9252450390135825		0.9251262569158639		0.9236586070706098		0.9758171782940157		0.9228743528675304		0.9228743528675304		3		2		0.9505024877025495		24
0		3		predict		4		0.9788278535548096		0.9280110779975316		0.8561165057232295		0.9285419741945508		0.9354349291975725		0.9205871374041206		0.9217498605854225		0.9354349291975725		0.9784467823758027		0.9228743528675304		0.9505024877025495		24		2
0		4		train		4		0.9780273490603026		0.9272408727482901		0.854485388341646		0.9271344891726735		0.9257808737115885		0.9287008717849918		0.9284920687635483		0.9257808737115885		0.9773825944953332		0.9231718188051093		0.9231718188051093		4		2		0.9505024877025495		24
0		4		predict		4		0.9786511202032617		0.9283903789999699		0.8568391965815337		0.9288065794356721		0.9342308062807051		0.9225498813924645		0.9234449760765551		0.9342308062807051		0.9780797057127376		0.9231718188051093		0.9505024877025495		24		2
0		5		train		4		0.9793180431460937		0.9294113043059435		0.8588253543289919		0.9293219439856287		0.9281469752432329		0.9306756333686542		0.9304998913542094		0.9281469752432329		0.9787406688186318		0.9272741758719107		0.9272741758719107		5		2		0.9505024877025495		24
0		5		predict		4		0.9807377603737937		0.9320148108010476		0.8640574003234996		0.932286731989302		0.9360249494268374		0.928004623887678		0.9285782545332919		0.9360249494268374		0.9802771335299391		0.9272741758719107		0.9505024877025495		24		2
0		6		train		4		0.9805320637694165		0.9317036533089298		0.8634091853950198		0.9316323409538475		0.9306605818321935		0.9327467247856661		0.9326061315418749		0.9306605818321935		0.9801106727130477		0.9281724375388363		0.9281724375388363		6		2		0.9505024877025495		24
0		6		predict		4		0.9812364870271847		0.9328878051717391		0.8657796303966204		0.9327858275598007		0.9313649937385609		0.9344106349416595		0.9342110030798961		0.9313649937385609		0.9808281858456809		0.9281724375388363		0.9505024877025495		24		2
0		7		train		4		0.9814893766305681		0.9336543324342549		0.8673106851188084		0.9335826551568783		0.9325751372700125		0.9347335275984973		0.9345923523644317		0.9325751372700125		0.9810918389525831		0.9299186412888674		0.9299186412888674		7		2		0.9505024877025495		24
0		7		predict		4		0.9819833222745666		0.9343869472289954		0.8687813444382569		0.9345229512136506		0.9364584336769097		0.9323154358375377		0.9325954528012279		0.9364584336769097		0.9814120020692032		0.9299186412888674		0.9505024877025495		24		2
0		8		train		4		0.982464286289792		0.935552331181967		0.871106111830947		0.935493493306497		0.9346402080724401		0.936464454291494		0.9363483379877316		0.9346402080724401		0.9820396522636053		0.9305981489844611		0.9305981489844611		8		2		0.9505024877025495		24
0		8		predict		4		0.982860411137334		0.9348987025497456		0.8697991233907569		0.9348343588600082		0.933905693093151		0.9358917239635387		0.9357648733757225		0.933905693093151		0.9823062544186706		0.9305981489844611		0.9505024877025495		24		2
0		9		train		4		0.9834184854603949		0.9371342476640016		0.8742691710018374		0.9370951442156359		0.9365126192081688		0.9377558761198344		0.9376783943528674		0.9365126192081688		0.9830917858228072		0.9331307074707097		0.9331307074707097		9		2		0.9505024877025495		24
0		9		predict		4		0.9833159317052927		0.9372527770251964		0.8745201570758916		0.9374339640764576		0.9401430498025238		0.9343624694450131		0.9347404463174025		0.9401430498025238		0.9825450257648862		0.9331307074707097		0.9505024877025495		24		2
0		10		train		4		0.9843399651964051		0.9389675248049321		0.8779360883253927		0.9389205465503191		0.9381983912917831		0.9397366583180811		0.9396438143879209		0.9381983912917831		0.9840364637309121		0.9349810588731546		0.9349810588731546		10		2		0.9505024877025495		24
0		10		predict		4		0.9839429154212059		0.938908456004094		0.8778606430099577		0.939212221057361		0.94389991330315		0.9339169386010332		0.9345708597112439		0.94389991330315		0.9829541337573398		0.9349810588731546		0.9505024877025495		24		2
0		11		train		4		0.9852111339556813		0.9409753997688084		0.8819511615882258		0.940948646479431		0.9405223485213371		0.9414284510162797		0.9413753310574857		0.9405223485213371		0.9849579017423152		0.9356507742692697		0.9356507742692697		11		2		0.9505024877025495		24
0		11		predict		4		0.9840290649373492		0.9395827688973178		0.8791888625369568		0.9398024007054547		0.9432256044697043		0.9359398894601852		0.9364039544308035		0.9432256044697043		0.9822021438205536		0.9356507742692697		0.9505024877025495		24		2
0		12		train		4		0.9860482064303375		0.9424022854252962		0.8848049486976568		0.9423756582444506		0.9419402032559484		0.9428643675946441		0.9428115160371816		0.9419402032559484		0.9858176018166305		0.936803688053261		0.936803688053261		12		2		0.9505024877025495		24
0		12		predict		4		0.9846490414341782		0.9406183208404828		0.8812405372304241		0.9407068527079588		0.9421057701570176		0.9391308536130143		0.9393120835584369		0.9421057701570176		0.9835310234520327		0.936803688053261		0.9505024877025495		24		2
0		13		train		4		0.9869802600709805		0.9443635006261439		0.8887270554369112		0.9443537849181355		0.9441889028031981		0.9445380984490896		0.9445187246293018		0.9441889028031981		0.9867391490352505		0.9387248713070765		0.9387248713070765		13		2		0.9505024877025495		24
0		13		predict		4		0.9853083251561277		0.9423041030735423		0.8846630755831258		0.9426239814155105		0.9478735189288122		0.9367346201548521		0.9374322698962761		0.9478735189288122		0.9839717366501836		0.9387248713070765		0.9505024877025495		24		2
0		14		train		4		0.9880015736698539		0.9464947981889992		0.8929898104174812		0.946513314495331		0.9468409835275985		0.9461486128503998		0.9461858721745251		0.9468409835275985		0.9878097936755268		0.9394636584462652		0.9394636584462652		14		2		0.9505024877025495		24
0		14		predict		4		0.9853883690918204		0.9429603540142689		0.8860542758259828		0.9434516348529887		0.9516424236586071		0.9342781798258817		0.935400639128891		0.9516424236586071		0.9840500347741055		0.9394636584462652		0.9505024877025495		24		2
0		15		train		4		0.9888944219845592		0.9488940131008573		0.8977884532291762		0.9489189237981188		0.9493816828821886		0.948406343319526		0.948456615621504		0.9493816828821886		0.9886655830701566		0.9410073327002091		0.9410073327002091		15		2		0.9505024877025495		24
0		15		predict		4		0.9856448672676404		0.9443330624040459		0.8889837902068372		0.9450676109223128		0.9576991619304499		0.9309668019314364		0.9327649293990712		0.9576991619304499		0.9840681274796493		0.9410073327002091		0.9505024877025495		24		2
0		16		train		4		0.9897560253526791		0.9504563625854927		0.9009131643305965		0.9504808097341405		0.9509500529814083		0.9499626721895771		0.950012029351618		0.9509500529814083		0.9896089016555948		0.9386223992986676		0.9410073327002091		15		2		0.9505024877025495		24
0		16		predict		4		0.9849444195409073		0.9420030705319244		0.8845444681663788		0.9429976389554597		0.9594451401599076		0.9245607908774549		0.9271045436034673		0.9594451401599076		0.9829721216121293		0.9386223992986676		0.9505024877025495		24		2
0		17		train		4		0.9906624280065917		0.9529684640208073		0.9059374053496323		0.9529925909210576		0.9534817214141219		0.9524552066274925		0.9525039620127927		0.9534817214141219		0.9905542541336203		0.9433530416487306		0.9433530416487306		17		2		0.9505024877025495		24
0		17		predict		4		0.9862994227696276		0.9466028477678438		0.8933818147435517		0.9471280813138991		0.9565311627010885		0.936674413284044		0.9379080723048042		0.9565311627010885		0.9843109050779255		0.9433530416487306		0.9505024877025495		24		2
0		18		train		4		0.9916504732296582		0.9556882766592814		0.9113774732896359		0.9557197347997161		0.9563987091802331		0.9549778441383296		0.955041723781353		0.9563987091802331		0.9915514268500087		0.9434799882132664		0.9434799882132664		18		2		0.9505024877025495		24
0		18		predict		4		0.9864192771284588		0.9464342695445378		0.893582417159026		0.947483989021043		0.9664170118485695		0.9264512866208292		0.9292785438882907		0.9664170118485695		0.9841712907965623		0.9434799882132664		0.9505024877025495		24		2
0		19		train		4		0.9923994186076389		0.9577112031596186		0.9154241587511938		0.9577525359605673		0.9586895530295733		0.9567328532896638		0.95681734877209		0.9586895530295733		0.9922937290350053		0.9448092591309187		0.9448092591309187		19		2		0.9505024877025495		24
0		19		predict		4		0.9865473951427459		0.9478250398868118		0.8961676005824321		0.948697000911685		0.9648155283691359		0.9308343468156586		0.9331081867939909		0.9648155283691359		0.9841786032502502		0.9448092591309187		0.9505024877025495		24		2
0		20		train		4		0.9932109822005332		0.9603979024178788		0.9207982720645392		0.9604436873922241		0.9615553655717176		0.9592404392640401		0.9593345767221987		0.9615553655717176		0.9930951079259501		0.945664507369078		0.945664507369078		20		2		0.9505024877025495		24
0		20		predict		4		0.9856514758286199		0.9489268189891327		0.8983323900579208		0.9497473446006386		0.9652490126192081		0.9326044288174167		0.9347357128697863		0.9652490126192081		0.9812963264003671		0.945664507369078		0.9505024877025495		24		2
0		21		train		4		0.9938577351936427		0.962027983816588		0.9240590355221168		0.9620768444471168		0.963316395337636		0.96073957229554		0.9608404794504095		0.963316395337636		0.9937811832179989		0.948703533013428		0.948703533013428		21		2		0.9505024877025495		24
0		21		predict		4		0.9874013145677557		0.9514976368945482		0.9035685931104845		0.9523465874809234		0.9693069068490512		0.9336881524919624		0.935969583517429		0.9693069068490512		0.9852461528143514		0.948703533013428		0.9505024877025495		24		2
0		22		train		4		0.9946070071960179		0.9647402706868317		0.9294831036323199		0.9647816177664457		0.9659142905307774		0.963566250842886		0.9636515983325925		0.9659142905307774		0.9945386212512813		0.9488690927465748		0.9488690927465748		22		2		0.9505024877025495		24
0		22		predict		4		0.9871843532133853		0.9516842770703513		0.9040219667428692		0.9525857739596935		0.9706916482034486		0.9326766770623863		0.9351429731454092		0.9706916482034486		0.9847864029808239		0.9488690927465748		0.9505024877025495		24		2
0		23		train		4		0.9951281320927592		0.9665223726037954		0.9330473437396339		0.9665618309960792		0.9677024130623254		0.9653423321452654		0.9654239344577387		0.9677024130623254		0.9950746037941111		0.9473504764053977		0.9488690927465748		22		2		0.9505024877025495		24
0		23		predict		4		0.9863624747645143		0.9503476925855685		0.9013888384114526		0.9513028998600557		0.9699571332241596		0.9307380158223656		0.9333526446903424		0.9699571332241596		0.983907988639537		0.9473504764053977		0.9505024877025495		24		2
0		24		train		4		0.995700474342473		0.9686265774010211		0.9372573845315888		0.968673634092897		0.9701287207398132		0.967124434062229		0.9672229058495153		0.9701287207398132		0.9956534504304217		0.9501069616969555		0.9501069616969555		24		2		0.9505024877025495		24
0		24		predict		4		0.9871272187430986		0.9527860561726723		0.9066201172368034		0.9538944546352477		0.9768206338503035		0.9287511890856984		0.9320197610294118		0.9768206338503035		0.9844608398890995		0.9501069616969555		0.9505024877025495		24		2
