seed		epoch		type		fold		auc		acc		mcc		f1		sensitivity		specificity		precision		recall		aupr		metrics_ep_avg		fold_metric_best		fold_ep_best		fold_best		metric_best		ep_best
0		0		train		0		0.9396263780133169		0.8635483069790546		0.7270990011504989		0.8633734994235073		0.8622675533532226		0.8648290644605806		0.8644822861144144		0.8622675533532226		0.9368395862957504		0.8991360867308267		0.8991360867308267		0		0		0.8991360867308267		0
0		0		predict		0		0.9670680427073506		0.907162123109527		0.8144255749632797		0.907888606143149		0.9150491282150082		0.8992751180040458		0.9008392802105313		0.9150491282150082		0.9655454081780599		0.8991360867308267		0.8991360867308267		0		0
0		1		train		0		0.9693823759001888		0.911326193468755		0.8226649549120075		0.9110805874628307		0.9085627067823092		0.9140896884746457		0.9136124624247359		0.9085627067823092		0.9679257053806065		0.9114100013193996		0.9114100013193996		1		0		0.9114100013193996		1
0		1		predict		0		0.9737588920174072		0.9178727964550621		0.8357776172013577		0.9182306996037717		0.922249783257875		0.9134958096522493		0.9142464935840048		0.922249783257875		0.9730248496300146		0.9114100013193996		0.9114100013193996		1		0
0		2		train		0		0.9745237233524395		0.9204178551806667		0.8408442161890918		0.920238605299524		0.9181691468000108		0.9226665703310333		0.9223174135642118		0.9181691468000108		0.9736214444990796		0.9179620945539742		0.9179620945539742		2		0		0.9179620945539742		2
0		2		predict		0		0.9771099275418889		0.9237308544456219		0.8474728584967508		0.9235347377316351		0.9211660726326943		0.9262956362585493		0.9259156156955775		0.9211660726326943		0.9768870167489093		0.9179620945539742		0.9179620945539742		2		0
0		3		train		0		0.9771775051410518		0.9254844997704506		0.8509739417393463		0.9253574261098227		0.923780680548991		0.9271883241212384		0.926939563377346		0.923780680548991		0.9764962314021753		0.9211640442757798		0.9211640442757798		3		0		0.9211640442757798		3
0		3		predict		0		0.9783151043272929		0.9264702340814951		0.8529933801711516		0.9268774585231798		0.9320393025720065		0.9209011655909836		0.9217724744858466		0.9320393025720065		0.9781656047966318		0.9211640442757798		0.9211640442757798		3		0
0		4		train		0		0.9791570586823295		0.9292054580075112		0.8584141662223408		0.929108032172099		0.9278297754483357		0.9305811447081632		0.9303898158238719		0.9278297754483357		0.9785879870277103		0.9218351727584186		0.9218351727584186		4		0		0.9218351727584186		4
0		4		predict		0		0.9785019848622505		0.9269037183315673		0.8540950344369048		0.9278399534029516		0.939878142760813		0.9139292939023216		0.9161062403905966		0.939878142760813		0.9779912143127611		0.9218351727584186		0.9218351727584186		4		0
0		5		train		0		0.9808420473214893		0.9323559295245694		0.8647144750823759		0.9322727416586163		0.9311262504779136		0.9335856122731597		0.9334220596578906		0.9311262504779136		0.9803961375006421		0.9255698928920872		0.9255698928920872		5		0		0.9255698928920872		5
0		5		predict		0		0.9797195828987579		0.9306304787592717		0.8612614632637906		0.9306680466465286		0.9311723340718621		0.9300886234466814		0.9301643051312276		0.9311723340718621		0.9793002452980238		0.9255698928920872		0.9255698928920872		5		0
0		6		train		0		0.982289879601292		0.9351948159465338		0.8703915046869827		0.9351276337023492		0.9341578033133338		0.9362318317016486		0.936099479914566		0.9341578033133338		0.9819110161779991		0.9265299568882647		0.9265299568882647		6		0		0.9265299568882647		6
0		6		predict		0		0.9804612647205623		0.9312024371447838		0.8625757568032482		0.9318803688844642		0.9411545130526924		0.9212503612368751		0.9227872162076008		0.9411545130526924		0.9798870328439424		0.9265299568882647		0.9265299568882647		6		0
0		7		train		0		0.9837841828432554		0.9379599455102394		0.8759211900155719		0.9379065766360237		0.9370990417643819		0.9388208518478378		0.9387155044767658		0.9370990417643819		0.9834307835441067		0.9277267139776285		0.9277267139776285		7		0		0.9277267139776285		7
0		7		predict		0		0.9809301289982761		0.9325390135825065		0.8650921774375436		0.9323455358921876		0.9296792216549465		0.9353988055100665		0.935027188063895		0.9296792216549465		0.9806453030612422		0.9277267139776285		0.9277267139776285		7		0
0		8		train		0		0.9851772057802022		0.9408394734663466		0.8816789910372872		0.9408302107217109		0.9406815123444711		0.9409974350637621		0.9409789561174218		0.9406815123444711		0.9848622634358846		0.9284509733734263		0.9284509733734263		8		0		0.9284509733734263		8
0		8		predict		0		0.9808857701005986		0.9331771987284462		0.866369171583577		0.9333717530810836		0.9360971968018496		0.9302572006550429		0.9306621335280667		0.9360971968018496		0.9806399628102894		0.9284509733734263		0.9284509733734263		8		0
0		9		train		0		0.9865393498775232		0.9440772490197111		0.8881545213242307		0.9440709350113659		0.9439629349766537		0.9441915634069097		0.9441789597617564		0.9439629349766537		0.9862766199135157		0.9291950270318223		0.9291950270318223		9		0		0.9291950270318223		9
0		9		predict		0		0.9812835490352722		0.9338033426452172		0.867633016018596		0.9340602004282038		0.9376986802812831		0.9299080050091514		0.9304498476611506		0.9376986802812831		0.980835668819891		0.9291950270318223		0.9291950270318223		9		0
0		10		train		0		0.9880121946348859		0.9470546177061617		0.8941092463428265		0.9470588412367287		0.9471329698681109		0.9469762653083342		0.9469847242079916		0.9471329698681109		0.9878482146731168		0.9285817517397225		0.9291950270318223		9		0		0.9291950270318223		9
0		10		predict		0		0.9808559197473384		0.9332494461034583		0.8665643830194489		0.9336572580886445		0.9393964935940661		0.9271023986128504		0.9279877243692681		0.9393964935940661		0.9801006906873754		0.9285817517397225		0.9291950270318223		9		0
0		11		train		0		0.9894052295259479		0.9507770811852275		0.901554489439682		0.9507981144367761		0.951203138123809		0.9503510229640066		0.9503934355222947		0.951203138123809		0.9892154742599222		0.9288909983256646		0.9291950270318223		9		0		0.9291950270318223		9
0		11		predict		0		0.9811680751438536		0.9334541469993257		0.8670020041304262		0.9339397670290526		0.9408053174068008		0.9261029765918505		0.9271736937663909		0.9408053174068008		0.980430678851335		0.9288909983256646		0.9291950270318223		9		0
0		12		train		0		0.9906896709349077		0.9535708103470335		0.9071423014597892		0.9535993068101987		0.9541835128080849		0.9529581060414484		0.9530158157435805		0.9541835128080849		0.9905434013941098		0.9280894296114062		0.9291950270318223		9		0		0.9291950270318223		9
0		12		predict		0		0.9806339272009718		0.9327316732492053		0.8656222085808836		0.933369909414564		0.9423104710528851		0.9231528754455255		0.9245974078143645		0.9423104710528851		0.9799194911641871		0.9280894296114062		0.9291950270318223		9		0
0		13		train		0		0.9918989157873203		0.9569982463930639		0.9139972944644094		0.9570267725252939		0.9576606166064069		0.9563358741856629		0.9563937669303365		0.9576606166064069		0.9917571310556231		0.9282906403074382		0.9291950270318223		9		0		0.9291950270318223		9
0		13		predict		0		0.980471911641857		0.9330628070513438		0.8661827662120986		0.9334450763244537		0.938806473364801		0.9273191407378866		0.9281445679864765		0.938806473364801		0.979765516044276		0.9282906403074382		0.9291950270318223		9		0
0		14		train		0		0.9929533585470667		0.9601728017822065		0.9203470111736396		0.9602076618937117		0.9610474060203569		0.9592981949110702		0.9593693839893735		0.9610474060203569		0.9928295743795053		0.9271096551882563		0.9291950270318223		9		0		0.9291950270318223		9
0		14		predict		0		0.9797465564091256		0.9321115499470186		0.8642424686488553		0.9323380457480257		0.9354590116559098		0.9287640882381274		0.9292378355102626		0.9354590116559098		0.97869199313273		0.9271096551882563		0.9291950270318223		9		0
0		15		train		0		0.9938728741183158		0.9628611640036426		0.9257240838244438		0.9628973538067317		0.9638351100179725		0.9618872150572595		0.9619614205877051		0.9638351100179725		0.9937991467951913		0.9269887702872096		0.9291950270318223		9		0		0.9291950270318223		9
0		15		predict		0		0.9796745167340074		0.9320332819574222		0.8640739336629558		0.9321733487944531		0.9340983527598498		0.9299682111549947		0.930256262666235		0.9340983527598498		0.9788953643571507		0.9269887702872096		0.9291950270318223		9		0
0		16		train		0		0.9947308947697469		0.9654742641248146		0.9309494879554899		0.9654990877271094		0.9661923154500818		0.9647562106378623		0.9648068540508041		0.9661923154500818		0.994685493490491		0.9275468844659664		0.9291950270318223		9		0		0.9291950270318223		9
0		16		predict		0		0.9797651028134686		0.9325329929679221		0.865092646918515		0.93279679516396		0.9364584336769097		0.9286075522589345		0.9291636798088411		0.9364584336769097		0.9790048812421074		0.9275468844659664		0.9291950270318223		9		0
0		0		train		1		0.9446670996515024		0.8711409416177714		0.7422838723722549		0.8712899273058042		0.8722984709774726		0.8699834122580703		0.870283713079155		0.8722984709774726		0.9419691933663753		0.9019617967870042		0.9019617967870042		0		0		0.9291950270318223		9
0		0		predict		1		0.9688665233271431		0.90980462988049		0.8196218938129948		0.9095541401273886		0.9070296695886716		0.9125796235866437		0.9120927022412728		0.9070296695886716		0.9676484400134406		0.9019617967870042		0.9291950270318223		9		0
0		1		train		1		0.9701980418690777		0.9125410554138957		0.8250939173692112		0.9123064918521694		0.909866244396745		0.9152158664310465		0.9147598639208707		0.909866244396745		0.9688316271772265		0.9150955040946899		0.9150955040946899		1		0		0.9291950270318223		9
0		1		predict		1		0.9756093461070201		0.9213161142719528		0.8427236282311406		0.9207329277686461		0.9139533763606589		0.9286789408407288		0.9276138099602811		0.9139533763606589		0.9750347900192318		0.9150955040946899		0.9291950270318223		9		0
0		2		train		1		0.9750934114627281		0.9217696802569745		0.8435440872344618		0.9216385167226047		0.9200958536666135		0.9234435068473356		0.92318636142584		0.9200958536666135		0.9741552282311946		0.9224317848136476		0.9224317848136476		2		0		0.9291950270318223		9
0		2		predict		1		0.9787581984361786		0.9276679009000873		0.8553602515495231		0.9279407883688011		0.9314492823427416		0.9238864739244043		0.9244586261293561		0.9314492823427416		0.978350256617993		0.9224317848136476		0.9291950270318223		9		0
0		3		train		1		0.9778325993032458		0.9262778732768768		0.8525584144455947		0.9261855421505166		0.9250270190533246		0.927528727500429		0.9273469708035806		0.9250270190533246		0.977232240010894		0.9244001958896041		0.9244001958896041		3		0		0.9291950270318223		9
0		3		predict		1		0.9800524125024206		0.9289623408290436		0.8584278074364775		0.9301582227904747		0.9460793757826799		0.9118450997627849		0.914764061426692		0.9460793757826799		0.9795720300542784		0.9244001958896041		0.9291950270318223		9		0
0		4		train		1		0.9798801886806114		0.9303134210185656		0.8606296996666687		0.9302235150492094		0.9290249358015251		0.9316019062356061		0.9314251909802395		0.9290249358015251		0.979259841970477		0.9226682544632399		0.9244001958896041		3		0		0.9291950270318223		9
0		4		predict		1		0.9790368903922243		0.9280170986483639		0.8561226976581098		0.9274963311542612		0.9208289182159715		0.9352053656363264		0.9342610012949887		0.9208289182159715		0.9781591884081206		0.9226682544632399		0.9291950270318223		9		0
0		5		train		1		0.9817152504037223		0.9335963488904878		0.8671942034842265		0.9335344200251007		0.9326646054917167		0.9345280922892589		0.9344058584725263		0.9326646054917167		0.9812066129382222		0.930501058361751		0.930501058361751		5		1		0.930501058361751		5
0		5		predict		1		0.9823099304118885		0.9348144134380927		0.8696877764421052		0.9351921131549175		0.9406367401984395		0.9289920165689308		0.9298101529488781		0.9406367401984395		0.9814420011513724		0.930501058361751		0.930501058361751		5		1
0		6		train		1		0.9833998543172143		0.9373293434445304		0.8746603154245698		0.9372688167182709		0.9363644847714896		0.9382942021175713		0.9381748971441671		0.9363644847714896		0.9830515664572603		0.9344312450388251		0.9344312450388251		6		1		0.9344312450388251		6
0		6		predict		1		0.9841363679093323		0.938246184412535		0.8766049482154505		0.9387374796179828		0.94625999422021		0.9302322781075776		0.9313336256651537		0.94625999422021		0.9835001473430278		0.9344312450388251		0.9344312450388251		6		1
0		7		train		1		0.9850527110731875		0.9409057930656616		0.8818120134117201		0.9408766917814099		0.9404135796708342		0.941398006460489		0.9413402602411962		0.9404135796708342		0.984751665423466		0.9344044069780737		0.9344312450388251		6		1		0.9344312450388251		6
0		7		predict		1		0.9835047614558252		0.9384569071916674		0.8769440769725235		0.9387118822922786		0.942611501782102		0.934302262574205		0.9348443956148941		0.942611501782102		0.9823858796967742		0.9344044069780737		0.9344312450388251		6		1
0		8		train		1		0.9867073313866783		0.9444641798099184		0.8889284330332977		0.9444528922285238		0.9442609724450813		0.9446673871747553		0.9446448900427059		0.9442609724450813		0.9864068212561187		0.9389326418933776		0.9389326418933776		8		1		0.9389326418933776		8
0		8		predict		1		0.9854315374790867		0.9424726812968481		0.8850093883858334		0.9428169604117418		0.9484876216164146		0.9364576685491348		0.9372137018572941		0.9484876216164146		0.9844348095385371		0.9389326418933776		0.9389326418933776		8		1
0		9		train		1		0.9882856883392612		0.9480255770336542		0.8960512280690159		0.9480150133014961		0.9478223696688172		0.9482287843984911		0.9482077352592173		0.9478223696688172		0.9880629233853584		0.9406602966241729		0.9406602966241729		9		1		0.9406602966241729		9
0		9		predict		1		0.9856924596071722		0.9440500918149252		0.8882843324170585		0.944614302657536		0.9542312879298719		0.9338687731043867		0.9351892281004024		0.9542312879298719		0.983962133771725		0.9406602966241729		0.9406602966241729		9		1
0		10		train		1		0.9897650688265262		0.9516110580932226		0.90322215793858		0.9516184135077742		0.9517630873069154		0.9514590288795296		0.9514737836845495		0.9517630873069154		0.9895935384047806		0.941194989153767		0.941194989153767		10		1		0.941194989153767		10
0		10		predict		1		0.9859879455886527		0.9443812276107048		0.8891849983858272		0.9452257850298833		0.9597943358057991		0.9289679338206076		0.9310928885150921		0.9597943358057991		0.9842496666081724		0.941194989153767		0.941194989153767		10		1
0		11		train		1		0.9912247328904629		0.9555307023749673		0.9110614389377857		0.9555367928035314		0.9556676791912648		0.9553937255586697		0.955405942262779		0.9556676791912648		0.9910753017079296		0.945578891707393		0.945578891707393		11		1		0.945578891707393		11
0		11		predict		1		0.9869728454061886		0.9485234353833649		0.8974949617156942		0.9493243243243242		0.9643218379732204		0.9327248425590329		0.9347861611728453		0.9643218379732204		0.9853472525672746		0.945578891707393		0.945578891707393		11		1
0		12		train		1		0.9924723774300883		0.9589415756247498		0.9178835280938452		0.9589601698345137		0.9593946527863493		0.9584884984631502		0.9585260802348454		0.9593946527863493		0.9923278558953371		0.9457091200511087		0.9457091200511087		12		1		0.9457091200511087		12
0		12		predict		1		0.9873173366834576		0.9485174147325326		0.8975924767931545		0.9494092519952906		0.96614006357769		0.9308945536864667		0.9332480372201222		0.96614006357769		0.9855718250875839		0.9457091200511087		0.9457091200511087		12		1
0		13		train		1		0.9936049868163991		0.9620077489741791		0.9240158262226675		0.962023754713177		0.9624292161012484		0.9615862818471098		0.9616186348145452		0.9624292161012484		0.9935304588841756		0.9478383782618724		0.9478383782618724		13		1		0.9478383782618724		13
0		13		predict		1		0.9872540049971785		0.9505885186188627		0.9019318681698035		0.951579121261645		0.9710408438493402		0.9301359471142847		0.9328821794204407		0.9710408438493402		0.9848480993918844		0.9478383782618724		0.9478383782618724		13		1
0		14		train		1		0.9945588198087533		0.9655209785262499		0.9310430544190538		0.9655474268112192		0.9662886507934119		0.9647533062590878		0.9648073391186204		0.9662886507934119		0.9944578577665496		0.9488185887911417		0.9488185887911417		14		1		0.9488185887911417		14
0		14		predict		1		0.987565173705661		0.951407327132063		0.9037908955436357		0.9525109587832074		0.9746411713707736		0.9281732031259408		0.9313634114628281		0.9746411713707736		0.9854679120314981		0.9488185887911417		0.9488185887911417		14		1
0		15		train		1		0.9954154730864958		0.9682033157420983		0.9364080985902198		0.9682314334956553		0.9690883967089439		0.9673182347752527		0.967375984565499		0.9690883967089439		0.9953570420865677		0.94917259012263		0.94917259012263		15		1		0.94917259012263		15
0		15		predict		1		0.9876691864977183		0.9516722357686866		0.9044903271537874		0.9528586110703274		0.9768326750794721		0.9265114934916373		0.930033131943091		0.9768326750794721		0.9851629083315206		0.94917259012263		0.94917259012263		15		1
0		16		train		1		0.9960449831847991		0.9707215818263375		0.9414454808980924		0.9707540261892124		0.9718309435143735		0.9696122201383014		0.9696794929560542		0.9718309435143735		0.9959870512335389		0.9525387483481778		0.9525387483481778		16		1		0.9525387483481778		16
0		16		predict		1		0.9880016071122507		0.9551822752039495		0.9109799081063311		0.95599120297018		0.9735574607455929		0.9368068683998217		0.939047619047619		0.9735574607455929		0.9853466488578171		0.9525387483481778		0.9525387483481778		16		1
0		17		train		1		0.9966803025080337		0.9729011689691818		0.9458037549662442		0.972924603073147		0.9737666818194134		0.97203565611895		0.9720839794679457		0.9737666818194134		0.9966411327814566		0.9519564134747581		0.9525387483481778		16		1		0.9525387483481778		16
0		17		predict		1		0.988253602024664		0.9542972395315934		0.9098211044551883		0.9554537078875867		0.9802523841633753		0.9283417823642034		0.931878798978926		0.9802523841633753		0.9859891161435841		0.9519564134747581		0.9525387483481778		16		1
0		18		train		1		0.9971163831528365		0.9748971168638029		0.949795757450005		0.9749195793310985		0.9757927345088252		0.9740014992187805		0.9740479853832099		0.9757927345088252		0.9970834477216364		0.9516020787125603		0.9525387483481778		16		1		0.9525387483481778		16
0		18		predict		1		0.9878913218528622		0.9540263102441374		0.9092939497070183		0.9551967330462231		0.9801440131008573		0.9279082928943851		0.9314878813539926		0.9801440131008573		0.9849490301710357		0.9516020787125603		0.9525387483481778		16		1
0		19		train		1		0.997558026726844		0.9769909053414937		0.9539838569378041		0.977014709022396		0.9780265102822927		0.9759553004006948		0.9760049990837016		0.9780265102822927		0.9975285450495592		0.9538720881934075		0.9538720881934075		19		1		0.9538720881934075		19
0		19		predict		1		0.9880960919103648		0.956344260814594		0.9137001885394626		0.9573478115092087		0.9798670648299779		0.9328211735523257		0.9358403772066011		0.9798670648299779		0.9851522437899269		0.9538720881934075		0.9538720881934075		19		1
0		20		train		1		0.9978422438248189		0.9784585140875387		0.9569190038910925		0.978480378815105		0.9794745509117238		0.9774424772633538		0.9774882228524732		0.9794745509117238		0.9978194229434685		0.9525250763094377		0.9538720881934075		19		1		0.9538720881934075		19
0		20		predict		1		0.9882426464301767		0.9547066437881935		0.9111053254397595		0.9560456895796208		0.9851652056641942		0.9242477151492529		0.9285981817562736		0.9851652056641942		0.9855574903485846		0.9525250763094377		0.9538720881934075		19		1
0		21		train		1		0.9980893866957671		0.9797500097840584		0.9595022052164643		0.9797715978377729		0.9808172247593874		0.9786827948087292		0.978728197980065		0.9808172247593874		0.9980733538217563		0.9543176535495941		0.9543176535495941		21		1		0.9543176535495941		21
0		21		predict		1		0.9881510495290602		0.9566212107528824		0.9146903465145352		0.9578080074018986		0.9847437626432907		0.9284983202283045		0.9323065698423375		0.9847437626432907		0.9851595770738595		0.9543176535495941		0.9543176535495941		21		1
0		22		train		1		0.9983947855252904		0.9813049224349962		0.962611631574787		0.9813229150688887		0.9822682758682976		0.9803415690016949		0.9803793722000042		0.9822682758682976		0.9983798431420544		0.9533392989797415		0.9543176535495941		21		1		0.9543176535495941		21
0		22		predict		1		0.9882394907312082		0.9555134109997291		0.912761063825848		0.9568432303621804		0.9863211636643868		0.9247052873673943		0.9290761640106618		0.9863211636643868		0.985582380790917		0.9533392989797415		0.9543176535495941		21		1
0		23		train		1		0.9985731078726766		0.9825663133367252		0.9651344744791592		0.9825833538848354		0.9835447191674218		0.9815879075060285		0.9816238661390589		0.9835447191674218		0.9985681277553023		0.952754299767287		0.9543176535495941		21		1		0.9543176535495941		21
0		23		predict		1		0.9883540633595069		0.9548029742015112		0.9116080125777872		0.9562521489303425		0.9879226471438204		0.9216829024528279		0.9265491422828038		0.9879226471438204		0.9855023624217777		0.952754299767287		0.9543176535495941		21		1
0		24		train		1		0.9987077507705148		0.9835341824892451		0.9670695363115436		0.9835469863716285		0.9843123914345838		0.9827559735439063		0.9827827707475427		0.9843123914345838		0.9986946380295583		0.956602739100694		0.956602739100694		24		1		0.956602739100694		24
0		24		predict		1		0.988441267554338		0.9589512026250038		0.9190617127043519		0.959956773519082		0.9840574125806762		0.9338446903560634		0.9370084156940082		0.9840574125806762		0.9856037853437055		0.956602739100694		0.956602739100694		24		1
0		0		train		2		0.9435544296923706		0.868858998172639		0.7377258117882227		0.868556479390239		0.8665574866108925		0.8711605097343854		0.8705647161297347		0.8665574866108925		0.9416181465559242		0.8638788762197815		0.8638788762197815		0		1		0.956602739100694		24
0		0		predict		2		0.9486675926604419		0.8772991360366056		0.755786062637896		0.8737627135441831		0.8492799344957134		0.9053186749671872		0.8996989565527974		0.8492799344957134		0.9461860104075133		0.8638788762197815		0.956602739100694		24		1
0		1		train		2		0.9700636636240455		0.912437193871868		0.8248967157117856		0.9121138778852459		0.9087583879484485		0.9161159997952874		0.9154942392085622		0.9087583879484485		0.9688648078261037		0.9082986748994524		0.9082986748994524		1		1		0.956602739100694		24
0		1		predict		2		0.9721093680583721		0.9149101417863271		0.8301257923702922		0.9160493973828179		0.9284750987380792		0.9013450214938529		0.9039518880200701		0.9284750987380792		0.9709108742105523		0.9082986748994524		0.956602739100694		24		1
0		2		train		2		0.9747615997547997		0.9208800835709103		0.8417654334894856		0.9207398996638876		0.9191114268769587		0.922648740264862		0.922374153318147		0.9191114268769587		0.9739231736126287		0.9193852472381292		0.9193852472381292		2		1		0.956602739100694		24
0		2		predict		2		0.9782175274259697		0.924338480989795		0.8492646152561416		0.9257203652806101		0.9429366149696561		0.9057401230628439		0.9091215157249498		0.9429366149696561		0.9778227740552285		0.9193852472381292		0.956602739100694		24		1
0		3		train		2		0.9773184370902079		0.9254530018996125		0.8509123509834932		0.9253087564831697		0.9235217793137913		0.9273842244854338		0.9271026625162441		0.9235217793137913		0.9766082829814352		0.923139930751653		0.923139930751653		3		1		0.956602739100694		24
0		3		predict		2		0.9794609234221183		0.9279869953942022		0.8562392222311213		0.9288725819591706		0.940432039302572		0.9155418016304021		0.9175938436233332		0.940432039302572		0.9788427096947118		0.923139930751653		0.956602739100694		24		1
0		4		train		2		0.9790634573653225		0.9289195690197578		0.8578438759728764		0.9288012520316868		0.927257784347313		0.9305813536922025		0.9303498666441135		0.927257784347313		0.9784842425632346		0.9273634005431557		0.9273634005431557		4		1		0.956602739100694		24
0		4		predict		2		0.98097944694023		0.9319666455943888		0.8640314716811712		0.9324760379568325		0.9395048646565841		0.9244283357616772		0.9255516014234876		0.9395048646565841		0.9805115881250278		0.9273634005431557		0.956602739100694		24		1
0		5		train		2		0.9806059919748253		0.9313806359938948		0.8627665237230605		0.9312607153035267		0.9296360631357756		0.9331252088520139		0.9328910559674213		0.9296360631357756		0.98012825835681		0.9248486061050554		0.9273634005431557		4		1		0.956602739100694		24
0		5		predict		2		0.9804847990833969		0.9293416418314819		0.8591187717001987		0.930449211805144		0.9452605721992101		0.9134225197779571		0.9160948513280119		0.9452605721992101		0.9798503669515872		0.9248486061050554		0.956602739100694		24		1
0		6		train		2		0.9820641303846449		0.9340328684149525		0.8680682229956846		0.9339538332396454		0.9328362028220235		0.9352295340078814		0.935074144934184		0.9328362028220235		0.9816580050637428		0.8936849657678642		0.9273634005431557		4		1		0.956602739100694		24
0		6		predict		2		0.9684406086512949		0.9019717631475963		0.8055597871230488		0.8987677041495169		0.870315961853386		0.9336279456211543		0.9291425633114796		0.870315961853386		0.968284053880041		0.8936849657678642		0.956602739100694		24		1
0		7		train		2		0.9833701757773452		0.9370072221402703		0.8740156996676997		0.9369537936343654		0.936159772166913		0.9378546721136275		0.9377491631736076		0.936159772166913		0.9829789313969619		0.9341912827379423		0.9341912827379423		7		1		0.956602739100694		24
0		7		predict		2		0.9837747437581137		0.9380956681417261		0.8763047243077942		0.938589994744135		0.9461395819285232		0.9300516574951534		0.9311599355328024		0.9461395819285232		0.9829199451384754		0.9341912827379423		0.956602739100694		24		1
0		8		train		2		0.9847941995237581		0.9399394291528812		0.879879773126358		0.9398960936452633		0.9392184193176447		0.9406604389881177		0.9405747466037975		0.9392184193176447		0.9845240749358989		0.9362288128170306		0.9362288128170306		8		1		0.956602739100694		24
0		8		predict		2		0.984306492482411		0.940010235106415		0.8801263160608862		0.9404722076184103		0.9477651478662942		0.9322552289667296		0.9332906469360652		0.9477651478662942		0.9830304721490452		0.9362288128170306		0.956602739100694		24		1
0		9		train		2		0.9860853320074914		0.9428565837680968		0.8857132084789638		0.9428478949785094		0.9427045545544038		0.9430086129817896		0.942991278999735		0.9427045545544038		0.9857967646165046		0.8664400100900673		0.9362288128170306		8		1		0.956602739100694		24
0		9		predict		2		0.950416278488169		0.8794244257804269		0.7636221895907966		0.8722971465008768		0.8236080339081013		0.9352414897588113		0.9271046532117055		0.8236080339081013		0.9533344518553547		0.8664400100900673		0.956602739100694		24		1
0		10		train		2		0.9873986739246808		0.945468174716187		0.8909364285629185		0.9454796639808815		0.9456789082797217		0.9452574411526524		0.9452805036215857		0.9456789082797217		0.9871944777234489		0.9408564381008614		0.9408564381008614		10		1		0.956602739100694		24
0		10		predict		2		0.985875403804049		0.9442969384990517		0.8886486369621204		0.9446047731382247		0.9498482805124747		0.9387455296398425		0.9394188400619269		0.9498482805124747		0.9847816733292221		0.9408564381008614		0.956602739100694		24		1
0		11		train		2		0.9888097230630906		0.9488037859789928		0.8976075918887498		0.9488091797909743		0.9489091527607602		0.9486984191972255		0.9487092278844099		0.9489091527607602		0.9886630891166406		0.9417032886394923		0.9417032886394923		11		1		0.956602739100694		24
0		11		predict		2		0.9862351255028259		0.9449170655347843		0.8900904621788073		0.9455705013415512		0.9569164820344861		0.9329175045456187		0.9344904222669066		0.9569164820344861		0.9843742141036459		0.9417032886394923		0.956602739100694		24		1
0		12		train		2		0.9901536783355059		0.9522327221056498		0.9044655364293444		0.952221934489217		0.9520069361447198		0.9524585080665797		0.9524370299647916		0.9520069361447198		0.9899784693667941		0.941826631644032		0.941826631644032		12		1		0.956602739100694		24
0		12		predict		2		0.9862502348552239		0.9449832926939402		0.8903224825348359		0.945750516492128		0.9591200269723533		0.9308463881898202		0.9327486064921073		0.9591200269723533		0.9847485524051782		0.941826631644032		0.956602739100694		24		1
0		13		train		2		0.9914322369855709		0.955383188880493		0.910766857668376		0.9554060783496593		0.9558964756316739		0.9548699021293121		0.9549161839802234		0.9558964756316739		0.991299213192236		0.9364995479933695		0.941826631644032		12		1		0.956602739100694		24
0		13		predict		2		0.9842100262106996		0.9403413709021945		0.8807469702057388		0.9406998246548453		0.9463804065118967		0.934302262574205		0.9350870304933909		0.9463804065118967		0.9824683723363639		0.9364995479933695		0.956602739100694		24		1
0		14		train		2		0.9925583278730798		0.958479467024713		0.9169594430610303		0.9585013299312769		0.9590063009335497		0.9579526331158764		0.9579968904406613		0.9590063009335497		0.9924635893560497		0.9457782032248001		0.9457782032248001		14		1		0.956602739100694		24
0		14		predict		2		0.9872561514727477		0.9485113940817003		0.8977906162505505		0.9495546510942017		0.9691864945573644		0.9278360446494154		0.9307023426840267		0.9691864945573644		0.9855837611307219		0.9457782032248001		0.956602739100694		24		1
0		15		train		2		0.9935600208940158		0.9614508102705518		0.9229019120184552		0.9614661229894225		0.9618481935617886		0.961053426979315		0.9610843558328345		0.9618481935617886		0.9934714799867453		0.9470247736925258		0.9470247736925258		15		1		0.956602739100694		24
0		15		predict		2		0.9874561406053526		0.949727565549836		0.900191298301319		0.9507240903135955		0.9699450919949908		0.9295097956578805		0.9322500752262575		0.9699450919949908		0.9855044215946267		0.9470247736925258		0.956602739100694		24		1
0		16		train		2		0.9943278576000085		0.9638697305319819		0.927740673382649		0.9638989115378194		0.9646780442721112		0.9630614167918524		0.963121036337952		0.9646780442721112		0.9942740408536501		0.9440377933867588		0.9470247736925258		15		1		0.956602739100694		24
0		16		predict		2		0.9863104276617162		0.9470122520244438		0.8947619086259914		0.9480665852348835		0.9673080628070514		0.9267161968523848		0.9295756720165704		0.9673080628070514		0.984039735767876		0.9440377933867588		0.956602739100694		24		1
0		17		train		2		0.9951526267649086		0.9667296860370951		0.9334602866997024		0.9667529568554071		0.9674296225159781		0.9660297495582122		0.9660772371166253		0.9674296225159781		0.9950932009010126		0.9498120664740831		0.9498120664740831		17		1		0.956602739100694		24
0		17		predict		2		0.9876907312170219		0.9524729823293898		0.905676065069038		0.9534084872808829		0.9725459974954244		0.9323997254566692		0.9350096084832489		0.9725459974954244		0.9855740287760736		0.9498120664740831		0.956602739100694		24		1
0		18		train		2		0.9958522158640433		0.9690387237975392		0.9380790974937807		0.9690677309769328		0.9699764881552685		0.96810095943981		0.9681606750081131		0.9699764881552685		0.9958197396766348		0.9507053167407579		0.9507053167407579		18		1		0.956602739100694		24
0		18		predict		2		0.9880569849929992		0.9531533158734459		0.9073570667133152		0.9542538993832713		0.977205953183701		0.9291003889363855		0.9323552726813185		0.977205953183701		0.9856066182953638		0.9507053167407579		0.956602739100694		24		1
0		19		train		2		0.996482046384241		0.9716397780674528		0.9432818402506115		0.9716709493787937		0.9727401083170517		0.970539447817854		0.9706041381299113		0.9727401083170517		0.9964533344855678		0.9502879349425913		0.9507053167407579		18		1		0.956602739100694		24
0		19		predict		2		0.9878696817282002		0.9526716638068575		0.9066854295491467		0.9539249646861611		0.9798670648299779		0.925475935313738		0.9293210757722834		0.9798670648299779		0.9853281792314572		0.9502879349425913		0.956602739100694		24		1
0		20		train		2		0.9969382738943933		0.9735965897288461		0.9471949430458778		0.9736220407316234		0.974561448401887		0.9726317310558052		0.9726844423611988		0.974561448401887		0.9969153454368995		0.9515721381215266		0.9515721381215266		20		1		0.956602739100694		24
0		20		predict		2		0.9879541589682035		0.9539540624341492		0.9092213822217833		0.9551589488619707		0.9808183219343031		0.927089479451395		0.9308079076676952		0.9808183219343031		0.9852579188672066		0.9515721381215266		0.956602739100694		24		1
0		21		train		2		0.9973670001656629		0.9754931918006581		0.9509886362516459		0.9755198332804567		0.9765814801323407		0.9744049034689755		0.9744604921657214		0.9765814801323407		0.9973450210510801		0.9524616476003506		0.9524616476003506		21		1		0.956602739100694		24
0		21		predict		2		0.988411518264204		0.9546524579307023		0.9108479516585225		0.9559346625479734		0.9837443406222908		0.9255602249328694		0.929654073736914		0.9837443406222908		0.9859802662548713		0.9524616476003506		0.956602739100694		24		1
0		22		train		2		0.9976867643184972		0.9773536681187213		0.9547085652798357		0.9773718225421467		0.9781559608998925		0.97655137533755		0.9765889403858061		0.9781559608998925		0.9976715167727233		0.9528156152635793		0.9528156152635793		22		1		0.956602739100694		24
0		22		predict		2		0.9886445730380953		0.9549233872181583		0.9114666075535957		0.9562278932444679		0.9847196801849533		0.925126735463051		0.9293385001761424		0.9847196801849533		0.9864050194541552		0.9528156152635793		0.956602739100694		24		1
0		23		train		2		0.9979587879472923		0.9787264467611757		0.9574538973279149		0.9787418381022431		0.9794504670758912		0.9780024264464602		0.97803423376842		0.9794504670758912		0.9979539004570215		0.9545702395180511		0.9545702395180511		23		1		0.956602739100694		24
0		23		predict		2		0.9886646399167991		0.9568198922303501		0.9148806883355702		0.9579157375894849		0.9828532896638089		0.9307861813190121		0.9342123334706771		0.9828532896638089		0.9862825498818093		0.9545702395180511		0.956602739100694		24		1
0		24		train		2		0.9982726969167897		0.9804439253039832		0.9608895352047238		0.9804622177307781		0.9813801844219728		0.9795076661859935		0.9795459667362791		0.9813801844219728		0.9982720825362776		0.9550516391401143		0.9550516391401143		24		1		0.956602739100694		24
0		24		predict		2		0.9885448949551451		0.9573497095035973		0.9158983889588977		0.9584135631428169		0.9829255370388209		0.931773574000265		0.9350943914956011		0.9829255370388209		0.9858791333736587		0.9550516391401143		0.956602739100694		24		1
0		0		train		3		0.9451500545392926		0.8713396332633898		0.7426870934162207		0.8710436150936678		0.8690441426606016		0.8736351238661781		0.8730523094045631		0.8690441426606016		0.9427342361561885		0.8825209186308287		0.8825209186308287		0		1		0.956602739100694		24
0		0		predict		3		0.9588411174543927		0.892639754357446		0.7853339517831448		0.8932688509283312		0.898528561795588		0.8867508760099703		0.8880703591745412		0.898528561795588		0.956664870590739		0.8825209186308287		0.956602739100694		24		1
0		1		train		3		0.9702137631647374		0.9127713570940443		0.8255517716648447		0.9125665746314822		0.9104292040593305		0.9151135101287582		0.9147140044220352		0.9104292040593305		0.9688338260445614		0.9177501148014112		0.9177501148014112		1		1		0.956602739100694		24
0		1		predict		3		0.9763334786489368		0.9237002920015653		0.8474063022856831		0.9235603862694598		0.9218644639244774		0.925536142184546		0.925262559974862		0.9218644639244774		0.9755909056237064		0.9177501148014112		0.956602739100694		24		1
0		2		train		3		0.975269681134258		0.9218178479286396		0.843641367322197		0.9216742469025587		0.919984465925888		0.9236512299313911		0.9233702467102778		0.919984465925888		0.9744144717715986		0.921032313936494		0.921032313936494		2		1		0.956602739100694		24
0		2		predict		3		0.978292687491773		0.9263252957644721		0.8527196504428638		0.9267916220468673		0.9326895289471149		0.9199609859477164		0.9209678378217704		0.9326895289471149		0.9777201931059056		0.921032313936494		0.956602739100694		24		1
0		3		train		3		0.9779804745287081		0.9267023508834252		0.8534081992858438		0.9265972761326208		0.925270867891129		0.9281338338757213		0.9279274927390089		0.925270867891129		0.977306203498003		0.9236834810640957		0.9236834810640957		3		1		0.956602739100694		24
0		3		predict		3		0.9796485281997482		0.9287215147957494		0.8574548962549104		0.9289089850059749		0.9313529525093922		0.9260900453959806		0.9264778103850991		0.9313529525093922		0.9791777404390153		0.9236834810640957		0.956602739100694		24		1
0		4		train		3		0.980048844410138		0.9303992196837191		0.8608031678417501		0.930283680992695		0.9287419507304928		0.9320564886369452		0.9318305383723178		0.9287419507304928		0.9795420575005358		0.9282289084732729		0.9282289084732729		4		1		0.956602739100694		24
0		4		predict		3		0.9811201038719721		0.9328817845209068		0.8657867659436335		0.9331269795565793		0.9365427222810905		0.9292208026780017		0.9297360619680597		0.9365427222810905		0.9802390312493766		0.9282289084732729		0.956602739100694		24		1
0		5		train		3		0.9819435491184967		0.9341758661902081		0.8683552986452733		0.9340814056201895		0.9327428779581723		0.9356088544222438		0.9354237804970096		0.9327428779581723		0.9814975398409634		0.9318248046033248		0.9318248046033248		5		1		0.956602739100694		24
0		5		predict		3		0.9825700311549359		0.9361570185737078		0.8723180508112818		0.936254117873374		0.9376745978229458		0.9346394210507303		0.9348379351740697		0.9376745978229458		0.9815345886562281		0.9318248046033248		0.956602739100694		24		1
0		6		train		3		0.9837012318270376		0.9378290830380555		0.8756598580886227		0.937767913779413		0.9368461614881403		0.9388120045879708		0.9386914816602316		0.9368461614881403		0.983413408266989		0.9350314333507563		0.9350314333507563		6		1		0.956602739100694		24
0		6		predict		3		0.9838112092664894		0.9390529516240705		0.8781104391474746		0.939151133364991		0.9406608226567768		0.9374450612303876		0.93764628218208		0.9406608226567768		0.9828197976587278		0.9350314333507563		0.956602739100694		24		1
0		7		train		3		0.9854041962504185		0.9411195371086754		0.8822409065584619		0.9410594739245015		0.9401004898050113		0.9421385844123393		0.9420204165359461		0.9401004898050113		0.9851166274863224		0.93701181059973		0.93701181059973		7		1		0.956602739100694		24
0		7		predict		3		0.9848616767065216		0.9406303621421476		0.8814004967025713		0.9411547068476801		0.9495352085540892		0.9317254085036184		0.9329208418611804		0.9495352085540892		0.9838461007927904		0.93701181059973		0.956602739100694		24		1
0		8		train		3		0.987207568760216		0.9452378730360385		0.8904763566809221		0.9452057889291023		0.94465233477736		0.9458234112947169		0.9457598919779133		0.94465233477736		0.9869835227604994		0.939226298364876		0.939226298364876		8		1		0.956602739100694		24
0		8		predict		3		0.9854776281991755		0.9426653421234835		0.8855160000670281		0.9432462230698173		0.9528947114921491		0.9324358495791539		0.9337911666489669		0.9528947114921491		0.9842352762263273		0.939226298364876		0.956602739100694		24		1
0		9		train		3		0.9887287919649567		0.9490325824194019		0.8980655311008967		0.9490095565668644		0.948581010497542		0.949484154341262		0.9494384900247986		0.948581010497542		0.9886216337397902		0.9418379712546134		0.9418379712546134		9		1		0.956602739100694		24
0		9		predict		3		0.9860313669161129		0.945115747012252		0.8904660298846272		0.9457387412054619		0.9565913688469319		0.9336399869953159		0.9351295995479907		0.9565913688469319		0.983899601608211		0.9418379712546134		0.956602739100694		24		1
0		10		train		3		0.990278199594643		0.9527941765284957		0.9055883885496145		0.9527875673877273		0.952654189232719		0.9529341638242723		0.9529209828956878		0.952654189232719		0.9901998663080568		0.9442655559840254		0.9442655559840254		10		1		0.956602739100694		24
0		10		predict		3		0.98668489492559		0.9473975736777146		0.8950107941074444		0.9479689612253527		0.9583734707638956		0.9364215444266499		0.937787936986721		0.9583734707638956		0.9848266609759833		0.9442655559840254		0.956602739100694		24		1
0		11		train		3		0.9916936318743705		0.9566611374193568		0.9133223054486425		0.9566667469357286		0.9567905880369566		0.9565316868017569		0.9565429378888156		0.9567905880369566		0.9916513421244643		0.8890244777939762		0.9442655559840254		10		1		0.956602739100694		24
0		11		predict		3		0.9708423269026105		0.8965591980493092		0.7984994807271201		0.8901969054968651		0.8386114054522685		0.9545076884174022		0.9485447339389564		0.8386114054522685		0.96907073765422		0.8890244777939762		0.956602739100694		24		1
0		12		train		3		0.9928611020661884		0.9597077426521722		0.9194154853710056		0.9597075000526837		0.9597017216932141		0.9597137636111304		0.9597132784817367		0.9597017216932141		0.9928216749625395		0.9467566222866357		0.9467566222866357		12		1		0.956602739100694		24
0		12		predict		3		0.9870894376412291		0.9496794003431771		0.8998012196268672		0.9504564315352696		0.9653573836817262		0.9340012282201645		0.9360084995096437		0.9653573836817262		0.9848634217629362		0.9467566222866357		0.956602739100694		24		1
0		13		train		3		0.9939567505807781		0.9630674377508106		0.9261350605794113		0.963079108457376		0.9633835380961125		0.9627513374055086		0.9627748711576705		0.9633835380961125		0.9939361240200082		0.9491273883703855		0.9491273883703855		13		1		0.956602739100694		24
0		13		predict		3		0.9875090151103958		0.9520214335169632		0.9043451171102651		0.9526339877439179		0.9649479818899913		0.9390947294905294		0.9406303186806737		0.9649479818899913		0.9851413579400676		0.9491273883703855		0.956602739100694		24		1
0		14		train		3		0.9949148123355346		0.9664256276097094		0.9328515300938223		0.9664385097223748		0.9668094637432904		0.9660417914761285		0.9660678402541302		0.9668094637432904		0.9948958135479417		0.9497900488542946		0.9497900488542946		14		1		0.956602739100694		24
0		14		predict		3		0.9876997312916492		0.9523706312652398		0.9056664980158099		0.9534233348444795		0.9749662845583277		0.9297747058894361		0.9328118339650465		0.9749662845583277		0.9852343852545845		0.9497900488542946		0.956602739100694		24		1
0		15		train		3		0.9957295856559892		0.969097428147381		0.9381952338384246		0.9691112836345471		0.969545989589762		0.9686488667050001		0.9686769673144424		0.969545989589762		0.9957169320622303		0.9474699459162852		0.9497900488542946		14		1		0.956602739100694		24
0		15		predict		3		0.987836277310896		0.9496492970890154		0.9011725631780554		0.9512216460871745		0.9818779501011463		0.9174202559996146		0.922421692062307		0.9818779501011463		0.9856237461113396		0.9474699459162852		0.956602739100694		24		1
0		16		train		3		0.9963992908661021		0.9715208641280296		0.9430421336469352		0.9715340613311588		0.971984477967806		0.9710572502882534		0.971084061946397		0.971984477967806		0.9964022107086252		0.9492958662313773		0.9497900488542946		14		1		0.956602739100694		24
0		16		predict		3		0.9873222922523586		0.9518408139919925		0.9049416442504722		0.9530787144306857		0.9782174164338696		0.9254638939395764		0.9291996934655549		0.9782174164338696		0.9844220999656238		0.9492958662313773		0.956602739100694		24		1
0		17		train		3		0.9969631742509489		0.9740466564109665		0.9480938212267592		0.9740600881613986		0.974564458881366		0.9735288539405671		0.973556239229874		0.974564458881366		0.9969624312353487		0.952197478939819		0.952197478939819		17		1		0.956602739100694		24
0		17		predict		3		0.9882666399353418		0.9545501068665523		0.910290156646781		0.9556830123106005		0.9801078894133514		0.9289920165689308		0.932445900587676		0.9801078894133514		0.9860307377628972		0.952197478939819		0.956602739100694		24		1
0		18		train		3		0.9973556680064866		0.976257853588341		0.952516307702339		0.9762711762413893		0.976819308011187		0.9756963991654951		0.975723659283227		0.976819308011187		0.997335332729365		0.952545934854725		0.952545934854725		18		1		0.956602739100694		24
0		18		predict		3		0.9881305530362581		0.9549053252656612		0.9110821181059886		0.9560657430109925		0.9813120123302187		0.9284983202283045		0.9320859162339593		0.9813120123302187		0.9857915838522977		0.952545934854725		0.956602739100694		24		1
0		19		train		3		0.9977397723138439		0.9777375042523022		0.9554754915121794		0.9777486910994764		0.9782402543253064		0.9772347541792982		0.9772576216440556		0.9782402543253064		0.9977288705781004		0.953794502377997		0.953794502377997		19		1		0.956602739100694		24
0		19		predict		3		0.988597072914077		0.956055269574641		0.9133533879829773		0.9571722790402928		0.9821308159136884		0.9299794092501836		0.9334508291465913		0.9821308159136884		0.986135265891912		0.953794502377997		0.956602739100694		24		1
0		20		train		3		0.9980417909076255		0.9793842365273517		0.9587692541199879		0.9793973855619237		0.9800224581769138		0.9787460148777896		0.9787731097995472		0.9800224581769138		0.9980309720896554		0.9533674264751532		0.953794502377997		19		1		0.956602739100694		24
0		20		predict		3		0.988356959593599		0.9555615762063879		0.9127151652117079		0.9568360048889176		0.9850809170600134		0.9260418798993341		0.9301656604245546		0.9850809170600134		0.9858848172883417		0.9533674264751532		0.956602739100694		24		1
0		21		train		3		0.9982873920693756		0.9806847636623085		0.9613701237217556		0.9806955150771157		0.9812417023659358		0.9801278249586811		0.9801499354970635		0.9812417023659358		0.9982895564488821		0.9546624949157171		0.9546624949157171		21		1		0.956602739100694		24
0		21		predict		3		0.988354982252301		0.9569824498028237		0.9152287855300596		0.9580837620776843		0.9832506502263751		0.9307139330740424		0.9341730445824896		0.9832506502263751		0.985817777750789		0.9546624949157171		0.956602739100694		24		1
0		22		train		3		0.9985128690005853		0.9819205654884654		0.9638418124386333		0.9819313085848472		0.982515135185581		0.9813259957913497		0.981348175410743		0.982515135185581		0.9985232854134933		0.954252837076734		0.9546624949157171		21		1		0.956602739100694		24
0		22		predict		3		0.9886527869609705		0.9563141575604323		0.9144087747423516		0.9576356290431817		0.9875012041229169		0.925126735463051		0.9295235072766015		0.9875012041229169		0.9861941554878227		0.954252837076734		0.956602739100694		24		1
0		23		train		3		0.9986871133574158		0.9829998223817107		0.9659997653876561		0.9830040691514976		0.9832496921784732		0.9827499525849482		0.9827585688107625		0.9832496921784732		0.9986925442042895		0.9545136506975078		0.9546624949157171		21		1		0.956602739100694		24
0		23		predict		3		0.9888611814796353		0.9565670248953911		0.9147908459509264		0.9578355504640779		0.9866462768519411		0.926487410743314		0.9306596701649176		0.9866462768519411		0.9865667676974094		0.9545136506975078		0.956602739100694		24		1
0		24		train		3		0.9988381111850969		0.9841136997889653		0.9682279682005078		0.9841223036951675		0.9846555860951974		0.9835718134827334		0.9835895986263018		0.9846555860951974		0.9988430237451156		0.9531584974020019		0.9546624949157171		21		1		0.956602739100694		24
0		24		predict		3		0.9886849524135529		0.9551461512989554		0.9122385602853594		0.95656432561014		0.987790193622965		0.922501715895818		0.927252175878829		0.987790193622965		0.9861476573463679		0.9531584974020019		0.956602739100694		24		1
0		0		train		4		0.945190700196902		0.870764497639919		0.7415348495506501		0.8705072210224052		0.868777694827088		0.8727513004527502		0.8722436470901134		0.868777694827088		0.9430067196144338		0.8985656085736571		0.8985656085736571		0		1		0.956602739100694		24
0		0		predict		4		0.9682514497667758		0.9068424696709715		0.8146566937745621		0.9045118210823186		0.8824294383970716		0.9312557949113153		0.9277277733470054		0.8824294383970716		0.9670557999513413		0.8985656085736571		0.956602739100694		24		1
0		1		train		4		0.9706741082192717		0.9137697476158366		0.8275547953637139		0.9135067727110774		0.9107293372507466		0.9168101579809267		0.916301200586361		0.9107293372507466		0.9694555015265284		0.9155730381236855		0.9155730381236855		1		1		0.956602739100694		24
0		1		predict		4		0.9754590810002362		0.9218700141485294		0.8439298021051571		0.9210332552408191		0.9112681822560447		0.9324719737016388		0.9310098785783705		0.9112681822560447		0.9745854807727931		0.9155730381236855		0.956602739100694		24		1
0		2		train		4		0.9750802104104217		0.9218072680859262		0.8436208970935942		0.9216551499485744		0.9198656198824776		0.9237489162893748		0.9234516563816477		0.9198656198824776		0.9740833652416901		0.9219180692489869		0.9219180692489869		2		1		0.956602739100694		24
0		2		predict		4		0.978248134856853		0.9273247238026431		0.8546541303956445		0.9274452879408069		0.9289808303631635		0.9256685973003239		0.9259148134368662		0.9289808303631635		0.977754659566127		0.9219180692489869		0.956602739100694		24		1
0		3		train		4		0.9775786076264074		0.9262279043444754		0.8524583742403395		0.9261372969502796		0.9250012041229169		0.9274546045660341		0.9272761839234467		0.9250012041229169		0.9767688470746325		0.9246279964872304		0.9246279964872304		3		1		0.956602739100694		24
0		3		predict		4		0.9794406789995524		0.929630633071435		0.8593391273567097		0.9301015465212243		0.9363621038435603		0.9228990812431515		0.9239241498942566		0.9363621038435603		0.9788869086226014		0.9246279964872304		0.956602739100694		24		1
0		4		train		4		0.9794370980029813		0.92948957229554		0.8589824819182913		0.9293911596514022		0.928095800019266		0.9308833445718139		0.9306901402498294		0.928095800019266		0.9789288276392003		0.9277797781304642		0.9277797781304642		4		1		0.956602739100694		24
0		4		predict		4		0.9808425980307194		0.9324181944068154		0.8649345150564458		0.9329238050278762		0.939950390135825		0.9248859079798186		0.9260014946796522		0.939950390135825		0.9800899145004275		0.9277797781304642		0.956602739100694		24		1
0		5		train		4		0.9809770692784978		0.9323779621423754		0.8647588695582199		0.9322896022257153		0.9310729939312204		0.9336829303535304		0.9335093940994492		0.9310729939312204		0.9805437377096216		0.9289272316715715		0.9289272316715715		5		1		0.956602739100694		24
0		5		predict		4		0.9816785210762912		0.9333092507300039		0.8667779624225255		0.9339431924574659		0.94290049128215		0.9237178946861416		0.9251544759631857		0.94290049128215		0.9808445117391363		0.9289272316715715		0.956602739100694		24		1
0		6		train		4		0.9824148470726474		0.9351384139292939		0.8702788777041854		0.9350679486426092		0.9340531981504672		0.9362236297081206		0.9360849063718998		0.9340531981504672		0.98198280824496		0.9326439532089961		0.9326439532089961		6		1		0.956602739100694		24
0		6		predict		4		0.983160164551195		0.9368433727685963		0.873687483333093		0.9368847921831003		0.9374939793854157		0.9361927583175792		0.936276396171052		0.9374939793854157		0.9825296520161761		0.9326439532089961		0.956602739100694		24		1
0		7		train		4		0.9837737945424245		0.9377302885078509		0.8754615024023089		0.937684986165106		0.9370032992967923		0.9384572777189095		0.9383676656346376		0.9370032992967923		0.983456788816434		0.9330268855882491		0.9330268855882491		7		1		0.956602739100694		24
0		7		predict		4		0.9836075066470537		0.9370480748968963		0.8741295453003006		0.9373224155087458		0.9414194200944033		0.9326766770623863		0.9332609162747392		0.9414194200944033		0.9828207441022188		0.9330268855882491		0.956602739100694		24		1
0		8		train		4		0.9850469156585411		0.9407240391099123		0.8814483440645264		0.9407010115550364		0.9403357094692226		0.9411123687506021		0.9410665975766267		0.9403357094692226		0.984710387706278		0.9349509129801695		0.9349509129801695		8		1		0.956602739100694		24
0		8		predict		4		0.9840224681932949		0.9388843734007646		0.8777917274517018		0.9391050828749167		0.9425031307195838		0.9352655725071345		0.9357314492701646		0.9425031307195838		0.9831120835001799		0.9349509129801695		0.956602739100694		24		1
0		9		train		4		0.9864367296342792		0.9435115836624602		0.887023286225401		0.9434969557912233		0.9432526972353338		0.9437704700895867		0.9437413408830794		0.9432526972353338		0.9861409992757982		0.9373011298569682		0.9373011298569682		9		1		0.956602739100694		24
0		9		predict		4		0.9847266548531208		0.940961497937927		0.8820526608106548		0.9414637058261699		0.9495352085540892		0.9323876840825075		0.9335282697225116		0.9495352085540892		0.9830511681044234		0.9373011298569682		0.956602739100694		24		1
0		10		train		4		0.9876469684068252		0.9464255611212793		0.8928511228251085		0.9464265287569462		0.9464436229650323		0.9464074992775262		0.9464094351663436		0.9464436229650323		0.9874215030477775		0.9387844449221855		0.9387844449221855		10		1		0.956602739100694		24
0		10		predict		4		0.9852409076411325		0.9422378759143863		0.8847328459113287		0.9429261502218943		0.9542914940757152		0.9301841126109311		0.9318283362727807		0.9542914940757152		0.9833016067677111		0.9387844449221855		0.956602739100694		24		1
0		11		train		4		0.9890657985606719		0.9499807340333302		0.8999615831557692		0.9499933789981823		0.9502335998458723		0.949727868220788		0.949753279576363		0.9502335998458723		0.9888694089153465		0.9406823456285797		0.9406823456285797		11		1		0.956602739100694		24
0		11		predict		4		0.9859239439624675		0.9437972244799663		0.8881955910309336		0.9448126230409516		0.9621905404103651		0.9254036870687683		0.9280512874115885		0.9621905404103651		0.9845061249179783		0.9406823456285797		0.956602739100694		24		1
0		12		train		4		0.9903132883816749		0.9526553920624218		0.9053114974080226		0.9526850892221882		0.9532830411328388		0.9520277429920047		0.9520878869784041		0.9532830411328388		0.9901219858965415		0.9430896960002643		0.9430896960002643		12		1		0.956602739100694		24
0		12		predict		4		0.9861436616327371		0.9462596706703995		0.8929111459479028		0.9470443057500177		0.9610707060976784		0.9314484568979012		0.9334214342517659		0.9610707060976784		0.9835998036017888		0.9430896960002643		0.956602739100694		24		1
0		13		train		4		0.9914084934153067		0.9557545034197091		0.9115094140435885		0.9557754047702867		0.9562271216645796		0.9552818851748387		0.95532411445207		0.9562271216645796		0.991230354834212		0.9440802793343851		0.9440802793343851		13		1		0.956602739100694		24
0		13		predict		4		0.9869247906841527		0.9469219422619585		0.8945316379225358		0.9479427464688932		0.9665253829110876		0.9273182655604658		0.9300611790878754		0.9665253829110876		0.9851395028122907		0.9440802793343851		0.956602739100694		24		1
0		14		train		4		0.9925078840277112		0.9586398829592525		0.9172805889455105		0.9586675671488459		0.9593096763317599		0.957970089586745		0.9580263169761633		0.9593096763317599		0.9923838198733028		0.9448418016122594		0.9448418016122594		14		1		0.956602739100694		24
0		14		predict		4		0.9870910261114466		0.9474999247418646		0.8960408207287676		0.9487354348669591		0.9715947403910992		0.9234048189579395		0.9269270534175761		0.9715947403910992		0.9849963244821491		0.9448418016122594		0.956602739100694		24		1
0		15		train		4		0.9935026675989875		0.9615839634909932		0.9231695924345485		0.9616204145771149		0.9625337154416723		0.960634211540314		0.9607088452420656		0.9625337154416723		0.9933769032581289		0.9469972131838202		0.9469972131838202		15		1		0.956602739100694		24
0		15		predict		4		0.98763195992137		0.9496312351365183		0.9000575600749965		0.9506680976023965		0.970643483286774		0.9286187339699207		0.9314983013242737		0.970643483286774		0.985789296034602		0.9469972131838202		0.956602739100694		24		1
0		16		train		4		0.9943311108634794		0.9642134669107022		0.9284292623785553		0.9642534970712404		0.9653333012233889		0.9630936325980156		0.9631761059182545		0.9653333012233889		0.9942387171155641		0.9481753785978282		0.9481753785978282		16		1		0.956602739100694		24
0		16		predict		4		0.9875051629378121		0.9507992413979951		0.9025141170504889		0.9518829930050166		0.9733166361622194		0.9282815754933953		0.9313730008756971		0.9733166361622194		0.9850706171268505		0.9481753785978282		0.956602739100694		24		1
0		17		train		4		0.9951342556510956		0.9671936711299489		0.9343896231918147		0.9672298749996242		0.9682984539061747		0.9660888883537232		0.9661636519827229		0.9682984539061747		0.9950541473042926		0.9496381189524591		0.9496381189524591		17		1		0.956602739100694		24
0		17		predict		4		0.9874813117432235		0.9522803215027544		0.9054665389303855		0.9533243036334728		0.9746411713707736		0.9299192023793755		0.9329199419100528		0.9746411713707736		0.9848771746506781		0.9496381189524591		0.956602739100694		24		1
0		18		train		4		0.995803975979755		0.9693490511511416		0.9387010464954558		0.969387386954012		0.9706013389846836		0.9680967633175994		0.9681764677620832		0.9706013389846836		0.9957289609701023		0.9505097656067573		0.9505097656067573		18		1		0.956602739100694		24
0		18		predict		4		0.9876650046111759		0.9530389235076312		0.9071711120248849		0.954164022283337		0.9775792312879299		0.9284983202283045		0.9318442679399477		0.9775792312879299		0.9850270330762562		0.9505097656067573		0.956602739100694		24		1
0		19		train		4		0.9963979935121886		0.9717332145265388		0.9434691923790731		0.9717673800489485		0.9729433580579906		0.9705230709950872		0.9705942413722687		0.9729433580579906		0.9963518681095322		0.9513082154144126		0.9513082154144126		19		1		0.956602739100694		24
0		19		predict		4		0.9875509450404159		0.9539420211324844		0.9087913070956473		0.9549485883891029		0.9762787785377132		0.9316049947620022		0.9345305332073123		0.9762787785377132		0.9847793533124913		0.9513082154144126		0.956602739100694		24		1
0		20		train		4		0.9968299495686069		0.9735469246700703		0.9470955471425302		0.9735719452100936		0.9744936663134572		0.9726001830266834		0.9726519660718524		0.9744936663134572		0.9967758963647861		0.9507879997708044		0.9513082154144126		19		1		0.956602739100694		24
0		20		predict		4		0.9879897798926699		0.9530630061109606		0.9076957225720363		0.9544034905075507		0.9824559291012427		0.9236697291894951		0.9279085636301604		0.9824559291012427		0.9853306694478534		0.9507879997708044		0.956602739100694		24		1
0		21		train		4		0.9972139699077208		0.9751002432328292		0.9502028760430343		0.9751281330388542		0.9762215826991619		0.9739789037664964		0.9740371301477456		0.9762215826991619		0.9971815145906427		0.9513938025260403		0.9513938025260403		21		1		0.956602739100694		24
0		21		predict		4		0.988200896363906		0.9535747614317107		0.9088480710412737		0.9549514812672708		0.9841296599556882		0.9230194949847677		0.9274536727074657		0.9841296599556882		0.9857366799906333		0.9513938025260403		0.956602739100694		24		1
0		22		train		4		0.9975762850687417		0.9770163038242944		0.954035443783322		0.9770442908384622		0.9782354782776226		0.9757971293709662		0.9758560008648597		0.9782354782776226		0.997551803130535		0.9533348429195866		0.9533348429195866		22		1		0.956602739100694		24
0		22		predict		4		0.9880444853686324		0.9556579066197056		0.9127644061567214		0.9568725735332869		0.9838165879973028		0.92749888617289		0.9313650612710174		0.9838165879973028		0.9852420854201587		0.9533348429195866		0.956602739100694		24		1
0		23		train		4		0.9979279620260635		0.9788706531162701		0.9577435185009219		0.9788933360196542		0.9799453328195742		0.977795973412966		0.9778435954894175		0.9799453328195742		0.9979106425237894		0.9532972862346497		0.9533348429195866		22		1		0.956602739100694		24
0		23		predict		4		0.9882777437126197		0.9555314729522262		0.912596161568859		0.956783766704894		0.9845029380599172		0.9265596589882837		0.9305827452765764		0.9845029380599172		0.985637712353188		0.9532972862346497		0.956602739100694		24		1
0		24		train		4		0.998129058902861		0.9799272709758212		0.9598572151490392		0.9799509296899429		0.9811073114343513		0.9787472305172912		0.9787972706741627		0.9811073114343513		0.9981150709253541		0.9529188488148713		0.9533348429195866		22		1		0.956602739100694		24
0		24		predict		4		0.9880387085596865		0.9552123784581114		0.9119524327114095		0.9564718755302778		0.984141701184857		0.9262827073825665		0.9303154132471287		0.984141701184857		0.9850937727632991		0.9529188488148713		0.956602739100694		24		1
