seed		epoch		type		fold		auc		acc		mcc		f1		sensitivity		specificity		precision		recall		aupr		metrics_ep_avg		fold_metric_best		fold_ep_best		fold_best		metric_best		ep_best
0		0		train		0		0.9531704489198436		0.8880792359391582		0.7762024979842754		0.8886722844086697		0.8934049426052088		0.8827535132401286		0.8839895028759855		0.8934049426052088		0.9501371137812477		0.9023318612190734		0.9023318612190734		0		0		0.9023318612190734		0
0		0		predict		0		0.9682560249138634		0.9104192755996532		0.8209389821086099		0.9097131622541671		0.9025984972545997		0.9182400539447066		0.9169408800107647		0.9025984972545997		0.9670308353147555		0.9023318612190734		0.9023318612190734		0		0
0		1		train		0		0.969173050180714		0.9123377160963054		0.8246765713188214		0.91226494966812		0.9115069557128364		0.913168478980769		0.9130242053428462		0.9115069557128364		0.9679548237826028		0.9102045860523736		0.9102045860523736		1		0		0.9102045860523736		1
0		1		predict		0		0.9739473010495944		0.9159763028609961		0.8329309500332093		0.9179637902656949		0.9402032559483672		0.8917493497736249		0.8967521131936788		0.9402032559483672		0.9735727700025293		0.9102045860523736		0.9102045860523736		1		0
0		2		train		0		0.9727707706820568		0.9181795603188102		0.8363602058194413		0.9181137402061732		0.9173743802175373		0.9189847428440687		0.9188542929338617		0.9173743802175373		0.9716680898942139		0.9148141825735221		0.9148141825735221		2		0		0.9148141825735221		2
0		2		predict		0		0.9742161285808546		0.9212985261535498		0.8426040309404198		0.9211380446192642		0.919263558424044		0.9233334938830556		0.9230201910288961		0.919263558424044		0.9728317108567247		0.9148141825735221		0.9148141825735221		2		0
0		3		train		0		0.9751851810653808		0.9222662923631547		0.8445345471744397		0.9221825414764251		0.9211886577175147		0.9233439302530014		0.9231785721828171		0.9211886577175147		0.9744426801951533		0.9165656972244065		0.9165656972244065		3		0		0.9165656972244065		3
0		3		predict		0		0.9758122840686657		0.922267845101628		0.844857224865971		0.9233254348613611		0.9360610731143435		0.9084746170889124		0.9109316959420664		0.9360610731143435		0.9753272481802213		0.9165656972244065		0.9165656972244065		3		0
0		4		train		0		0.9767484187200053		0.9250570110409501		0.8501179214555189		0.9249434679048453		0.9235428526701448		0.9265711739701119		0.926348337847672		0.9235428526701448		0.9760829625158008		0.9212795166808058		0.9212795166808058		4		0		0.9212795166808058		4
0		4		predict		0		0.9779050552948416		0.9267230998940372		0.8534737268890692		0.927016184645275		0.9307388498217898		0.9227073499662846		0.9233231798363495		0.9307388498217898		0.9771699583525497		0.9212795166808058		0.9212795166808058		4		0
0		5		train		0		0.9783204321454427		0.9278778345588512		0.855757980775517		0.9277940365354882		0.926715898041081		0.929039774574618		0.9288746865579766		0.926715898041081		0.9776613184501616		0.9223875205561562		0.9223875205561562		5		0		0.9223875205561562		5
0		5		predict		0		0.978490205487189		0.9276562951546093		0.8553617098091449		0.9280418717736817		0.9330146421346691		0.9222979481745497		0.9231218280159165		0.9330146421346691		0.9777705005516958		0.9223875205561562		0.9223875205561562		5		0
0		6		train		0		0.9795040953267655		0.9296254205269853		0.859252471409303		0.929556922641137		0.9286516363461208		0.9305992076394157		0.9304639756761159		0.9286516363461208		0.9790048299461653		0.9250042721953244		0.9250042721953244		6		0		0.9250042721953244		6
0		6		predict		0		0.9794883287495159		0.9301488295925248		0.860299295970131		0.9300806344691264		0.9291734900298623		0.9311241691551874		0.930989551914678		0.9291734900298623		0.9791532558333333		0.9250042721953244		0.9250042721953244		6		0
0		7		train		0		0.9807229890807576		0.9320428391874703		0.8640867910868607		0.9319883762445146		0.9312406486981182		0.9328450320918079		0.932737305512001		0.9312406486981182		0.9802085205456642		0.9234814866690166		0.9250042721953244		6		0		0.9250042721953244		6
0		7		predict		0		0.9800199037510601		0.9279513052692419		0.8565894287507294		0.9293653089050354		0.9479698487621616		0.9079327617763221		0.9114769661815614		0.9479698487621616		0.9798872891846828		0.9234814866690166		0.9250042721953244		6		0
0		8		train		0		0.9816960411761166		0.9339304126620958		0.8678617129290367		0.9338832393642742		0.9332155232363859		0.934645304239972		0.9345519116786957		0.9332155232363859		0.9811953717625691		0.9260513947981561		0.9260513947981561		8		0		0.9260513947981561		8
0		8		predict		0		0.9801917924859315		0.9308833445718139		0.8618301740383643		0.9313002680965148		0.9369521240728254		0.9248145650708024		0.9257161892071952		0.9369521240728254		0.9779153139451466		0.9260513947981561		0.9260513947981561		8		0
0		9		train		0		0.9827504977660226		0.9357382083104411		0.871476522931158		0.9357224375246543		0.9354914457225603		0.935984971641198		0.9359535434280396		0.9354914457225603		0.9822682262471236		0.9278965746718485		0.9278965746718485		9		0		0.9278965746718485		9
0		9		predict		0		0.980710846772409		0.9327316732492053		0.865464390594657		0.9326793880711226		0.9319550139678259		0.9335083325305847		0.9334048891086482		0.9319550139678259		0.9804855162751488		0.9278965746718485		0.9278965746718485		9		0
0		10		train		0		0.9837407724473206		0.9376859914652779		0.8753720309901264		0.9376757658422608		0.9375205088914511		0.9378514745372879		0.9378310742238671		0.9375205088914511		0.9832883703783355		0.9269767845931163		0.9278965746718485		9		0		0.9278965746718485		9
0		10		predict		0		0.9805750965141461		0.9317563336865428		0.8635415303873359		0.9320341777844402		0.9358443309893074		0.9276683363837781		0.9282549237402511		0.9358443309893074		0.9791147364905657		0.9269767845931163		0.9278965746718485		9		0
0		11		train		0		0.9843752664475132		0.9392123068586352		0.8784246830020346		0.9392244739479712		0.939411090004305		0.939013523114531		0.9390379320202825		0.939411090004305		0.9840037631473606		0.928512375712549		0.928512375712549		11		0		0.928512375712549		11
0		11		predict		0		0.9811374532924189		0.9332073018013679		0.8664171160635239		0.933287631692885		0.9344114247182352		0.9320031788845006		0.9321665385354603		0.9344114247182352		0.9809324970595429		0.928512375712549		0.928512375712549		11		0
0		12		train		0		0.9854653684559583		0.9413392138121006		0.8826784456149431		0.9413333855202407		0.9412384510480984		0.941439976879448		0.9414283391447309		0.9412384510480984		0.9850850898691093		0.9279353566869344		0.928512375712549		11		0		0.928512375712549		11
0		12		predict		0		0.9808252362021479		0.9324487043637415		0.8651745813910656		0.9332929047907824		0.9451040362200174		0.9197933725074655		0.9217733411626542		0.9451040362200174		0.979626280548905		0.9279353566869344		0.928512375712549		11		0
0		13		train		0		0.9864307199167898		0.9432885022089427		0.8865772095008978		0.9433078733380281		0.9436287717544773		0.9429482316390304		0.9429871931022656		0.9436287717544773		0.9861069749430302		0.9284569351143588		0.928512375712549		11		0		0.928512375712549		11
0		13		predict		0		0.9802452310225287		0.9333879202388979		0.8667762034270461		0.9334183857689624		0.9338454869473076		0.9329303535304884		0.9329916750878207		0.9338454869473076		0.9789985525058135		0.9284569351143588		0.928512375712549		11		0
0		14		train		0		0.9872352482670873		0.9451489813274729		0.8902980350296256		0.9451601252106911		0.9453507660165035		0.9449471960309719		0.9449695612791786		0.9453507660165035		0.9868894565631924		0.9283232777406933		0.928512375712549		11		0		0.928512375712549		11
0		14		predict		0		0.9803488379642007		0.9331892399576148		0.8663904746651405		0.9333645583758174		0.93582024853097		0.9305582313842597		0.9309217224651135		0.93582024853097		0.976822456104299		0.9283232777406933		0.928512375712549		11		0
0		15		train		0		0.9881475893117704		0.9470952592403044		0.8941908203434129		0.9471170700807531		0.9475062693235151		0.9466842479197524		0.9467281904429592		0.9475062693235151		0.9877888500257344		0.9283517534462792		0.928512375712549		11		0		0.928512375712549		11
0		15		predict		0		0.9800480144274084		0.9333818996243136		0.8667765805508052		0.9332005191825893		0.9306666024467778		0.9360971968018496		0.9357482717289974		0.9306666024467778		0.9768252099186514		0.9283517534462792		0.928512375712549		11		0
0		16		train		0		0.989019027787116		0.9491619565135585		0.898325099814376		0.9492033220732577		0.9499748624963498		0.948349048083523		0.9484330338760433		0.9499748624963498		0.9886961941262737		0.9285404702685986		0.9285404702685986		16		0		0.9285404702685986		16
0		16		predict		0		0.9802983971931569		0.933424043926404		0.866857843462552		0.9335815964922818		0.9357961660726327		0.9310519217801754		0.9313774837611755		0.9357961660726327		0.9805032916624346		0.9285404702685986		0.9285404702685986		16		0
0		17		train		0		0.9898777229805513		0.9511970437047016		0.9023970137587816		0.9512591853179233		0.952470549984496		0.9499235335910311		0.950050897996811		0.952470549984496		0.9895844583846375		0.9284938731205341		0.9285404702685986		16		0		0.9285404702685986		16
0		17		predict		0		0.9805437431096122		0.9333939408534824		0.866797003522512		0.9332408049965301		0.93110008669685		0.9356877950101147		0.9353913895508486		0.93110008669685		0.9799371989520803		0.9284938731205341		0.9285404702685986		16		0
0		18		train		0		0.9908214371117954		0.9537755232597521		0.9075554686517208		0.9538476336185325		0.9553365264485675		0.9522145153715545		0.9523633744485459		0.9553365264485675		0.9905039336639166		0.9293359281854912		0.9293359281854912		18		0		0.9293359281854912		18
0		18		predict		0		0.9806448106754093		0.9341164146036027		0.8682513885005246		0.9343310989624278		0.9373856083228976		0.9308472208843078		0.9312964314340061		0.9373856083228976		0.9784229209058186		0.9293359281854912		0.9293359281854912		18		0
0		19		train		0		0.9915784302528584		0.9556344971362771		0.9112718250181665		0.955689789438553		0.9568809024213286		0.9543880880989367		0.9545016381332189		0.9568809024213286		0.9913357731833623		0.9271273974740815		0.9293359281854912		18		0		0.9293359281854912		18
0		19		predict		0		0.979234691438799		0.9323222714574704		0.8646446197015341		0.9323080072985228		0.9321115499470186		0.9325329929679221		0.9325045474805151		0.9321115499470186		0.9748704412645308		0.9271273974740815		0.9293359281854912		18		0
0		20		train		0		0.9920876563976622		0.9568672903386042		0.9137392766628957		0.9569363896899811		0.9584704355862759		0.9552641402646822		0.9554072464724911		0.9584704355862759		0.9918298791009519		0.9270202635394004		0.9293359281854912		18		0		0.9293359281854912		18
0		20		predict		0		0.9794738643549189		0.9320633850303439		0.8641644960806468		0.9323793086916919		0.9367353819477893		0.9273913881128986		0.9280635617484253		0.9367353819477893		0.9770125429910037		0.9270202635394004		0.9293359281854912		18		0
0		21		train		0		0.992891769942873		0.9592199835928621		0.9184447674978082		0.9592858645667398		0.9608366724568222		0.9576032898618788		0.9577400546741606		0.9608366724568222		0.9926530348914017		0.9281833421286292		0.9293359281854912		18		0		0.9293359281854912		18
0		21		predict		0		0.9799124275017322		0.9331531162701089		0.8663208842519776		0.933346940490698		0.9360610731143435		0.9302451594258742		0.9306485017538398		0.9360610731143435		0.9789898091110956		0.9281833421286292		0.9293359281854912		18		0
0		22		train		0		0.9935601767172502		0.961667507093453		0.9233421722401229		0.9617428874460305		0.9636364183723541		0.9596985898871669		0.9598567834449339		0.9636364183723541		0.9933516961267058		0.9262583323796743		0.9293359281854912		18		0		0.9293359281854912		18
0		22		predict		0		0.9793641343623798		0.9311723340718621		0.8625614962908762		0.9319353647935793		0.9423827184278971		0.919961949715827		0.9217171122364857		0.9423827184278971		0.9769541261212218		0.9262583323796743		0.9293359281854912		18		0
0		23		train		0		0.9940970702090818		0.9630568454643296		0.92612066346541		0.9631284412628542		0.9649971550968923		0.9611165299904868		0.9612669509569306		0.9649971550968923		0.9938747601808369		0.9271926132041561		0.9293359281854912		18		0		0.9293359281854912		18
0		23		predict		0		0.9792506306113856		0.9323282920720547		0.8646706680331663		0.932520862100018		0.9351820633850303		0.9294745207590791		0.9298747635353559		0.9351820633850303		0.9778234902218081		0.9271926132041561		0.9293359281854912		18		0
0		0		train		1		0.9532561500583102		0.8880071528992423		0.7760677973495539		0.8886607626532745		0.8938775878834222		0.8821367179150623		0.8835044767059538		0.8938775878834222		0.9501280451318771		0.903953227893401		0.903953227893401		0		0		0.9293359281854912		18
0		0		predict		1		0.969235859073176		0.9115265360185436		0.8230925034328573		0.9119580130490268		0.916421828340237		0.9066311847508037		0.9075374727227198		0.916421828340237		0.9681383469617949		0.903953227893401		0.9293359281854912		18		0
0		1		train		1		0.9691272209488548		0.9120834625330776		0.8241711770218263		0.9119420334429402		0.9104773717309956		0.9136895533351597		0.9134114150755347		0.9104773717309956		0.9677510142279		0.9145891467722767		0.9145891467722767		1		0		0.9293359281854912		18
0		1		predict		1		0.9754438876969225		0.9202865829796201		0.8410370513030615		0.9215890651095029		0.936891917926982		0.903681048081207		0.9067780807868914		0.936891917926982		0.9748830087935502		0.9145891467722767		0.9293359281854912		18		0
0		2		train		1		0.9732844784072909		0.918607171564215		0.837217631492751		0.9184929493605059		0.9172057933667095		0.9200085497617205		0.9197837230785951		0.9172057933667095		0.9723279743320847		0.9188719563245953		0.9188719563245953		2		0		0.9293359281854912		18
0		2		predict		1		0.9772207461614912		0.9243505222914598		0.8488540840561315		0.9250624727892982		0.9338454869473076		0.9148554433031898		0.9164431314623338		0.9338454869473076		0.9765547670565388		0.9188719563245953		0.9293359281854912		18		0
0		3		train		1		0.9754008727380074		0.9225554154010109		0.8451168338014136		0.9224091908537855		0.9206708552471152		0.9244399755549066		0.9241541032451854		0.9206708552471152		0.9745186975754964		0.9199967725644345		0.9199967725644345		3		0		0.9293359281854912		18
0		3		predict		1		0.978072914869177		0.92516933080466		0.8506218885511141		0.9261229560327866		0.9380719583855119		0.9122665478584416		0.9144745336948739		0.9380719583855119		0.9777667394999309		0.9199967725644345		0.9293359281854912		18		0
0		4		train		1		0.9773918550494078		0.9258865109445982		0.8517763530776536		0.9257827279071835		0.9244881432265717		0.9272848786626245		0.9270809433529362		0.9244881432265717		0.9767551204939187		0.8857875774092999		0.9199967725644345		3		0		0.9293359281854912		18
0		4		predict		1		0.9296781610315481		0.9037418344923086		0.8095642156781651		0.9001660984351779		0.86791975724882		0.9395643430828327		0.9349010350463047		0.86791975724882		0.9527419924643672		0.8857875774092999		0.9293359281854912		18		0
0		5		train		1		0.9788434077311905		0.9286064791539348		0.8572156085904558		0.9285176030865685		0.9273631511290803		0.9298498071787894		0.9296749329253019		0.9273631511290803		0.9782683995648914		0.9268003141964051		0.9268003141964051		5		0		0.9293359281854912		18
0		5		predict		1		0.9808074093302244		0.9315753032902857		0.863153551049719		0.9316649931153909		0.9328821886138137		0.9302684022300625		0.9304509697952321		0.9328821886138137		0.980479063013415		0.9268003141964051		0.9293359281854912		18		0
0		6		train		1		0.9801991982310476		0.9307815505775605		0.8615656817003772		0.9306967400264944		0.9295577906693199		0.932005310485801		0.9318384838242395		0.9295577906693199		0.9797182902690295		0.928159713596947		0.928159713596947		6		0		0.9293359281854912		18
0		6		predict		1		0.9813316917152748		0.9326048345826183		0.865399183315892		0.9333031447740029		0.9430690684905115		0.9221404746709695		0.9237374094779799		0.9430690684905115		0.9807253807689683		0.928159713596947		0.9293359281854912		18		0
0		7		train		1		0.9812192652657226		0.9329536115217071		0.8659097092700505		0.9328731821264411		0.9317554406890386		0.9341517823543756		0.9339936084882173		0.9317554406890386		0.9807388459123191		0.9315667572905952		0.9315667572905952		7		1		0.9315667572905952		7
0		7		predict		1		0.9825887187882428		0.9358921099370842		0.8717888932625973		0.9359973071744567		0.9375301030729217		0.9342540970775585		0.9344695151224196		0.9375301030729217		0.9817696995464876		0.9315667572905952		0.9315667572905952		7		1
0		8		train		1		0.9822805491416067		0.9349796642111189		0.869960329809629		0.9349302996797431		0.9342210233823941		0.9357383050398437		0.9356406537843452		0.9342210233823941		0.9818368885522425		0.9319442554033396		0.9319442554033396		8		1		0.9319442554033396		8
0		8		predict		1		0.9828512531653889		0.9361991631295343		0.8724047593309938		0.936321845987441		0.9381201233021866		0.9342781798258817		0.9345304496983219		0.9381201233021866		0.9810990531506498		0.9319442554033396		0.9319442554033396		8		1
0		9		train		1		0.983551398321257		0.9371411884770887		0.8742838318751475		0.9370837978726608		0.9362290131949316		0.938053363759246		0.9379401448274406		0.9362290131949316		0.9832588412640173		0.9336441332862315		0.9336441332862315		9		1		0.9336441332862315		9
0		9		predict		1		0.9838569866568223		0.9374996237093229		0.8751483480512577		0.9380715747275233		0.9467296021577882		0.9282695341192337		0.9295704709095424		0.9467296021577882		0.98289358225346		0.9336441332862315		0.9336441332862315		9		1
0		10		train		1		0.9844338851577009		0.9391085368166587		0.8782170743058758		0.93910734526209		0.9390889687000449		0.9391281049332727		0.9391257225433526		0.9390889687000449		0.9840432347010566		0.9358881226036044		0.9358881226036044		10		1		0.9358881226036044		10
0		10		predict		1		0.9844746458763919		0.9396008308498148		0.8793416737271182		0.9401353399610927		0.9485237453039206		0.9306778089515576		0.9318940021294215		0.9485237453039206		0.9834144700207106		0.9358881226036044		0.9358881226036044		10		1
0		11		train		1		0.9854290581935052		0.9409494450181081		0.8818988927377277		0.9409517559439591		0.9409885812513359		0.9409103087848801		0.9409149335187643		0.9409885812513359		0.985105633427202		0.9359973684998801		0.9359973684998801		11		1		0.9359973684998801		11
0		11		predict		1		0.9847443637840437		0.9396489960564737		0.8794294594303542		0.9401666547286489		0.9482949619497159		0.9310029260539213		0.9321765067941858		0.9482949619497159		0.9839583905855813		0.9359973684998801		0.9359973684998801		11		1
0		12		train		1		0.9863495649343224		0.9431049483251197		0.8862099434911672		0.9431141960165791		0.9432675142169893		0.9429423824332501		0.9429609276485866		0.9432675142169893		0.9859922068092501		0.9378365720627319		0.9378365720627319		12		1		0.9378365720627319		12
0		12		predict		1		0.9849410275034371		0.9413889641470243		0.8829906771053523		0.9420256194951137		0.9523648974087274		0.9304128987200019		0.9319084257284584		0.9523648974087274		0.9815170614037486		0.9378365720627319		0.9378365720627319		12		1
0		13		train		1		0.9872949739122647		0.9451114328979177		0.8902231980757792		0.9451351347284892		0.9455434367031638		0.9446794290926716		0.9447271852252903		0.9455434367031638		0.9869907449002532		0.9392601641434399		0.9392601641434399		13		1		0.9392601641434399		13
0		13		predict		1		0.9857295845434652		0.9425088052018423		0.8854295373453857		0.9433727294830664		0.9577593680762932		0.9272580586896577		0.929411902174548		0.9577593680762932		0.9840544447634776		0.9392601641434399		0.9392601641434399		13		1
0		14		train		1		0.988244164280929		0.9473256405547712		0.8946524897059535		0.9473688960011551		0.9481475014525563		0.946503779656986		0.9465915682603038		0.9481475014525563		0.9879208571086371		0.9402424502285671		0.9402424502285671		14		1		0.9402424502285671		14
0		14		predict		1		0.985911247075198		0.9433817995725338		0.8873144818996258		0.9443622723669108		0.9609984587226664		0.9257649282936169		0.9282922744085421		0.9609984587226664		0.9836307994951528		0.9402424502285671		0.9402424502285671		14		1
0		15		train		1		0.9888980691661383		0.948693903478007		0.8973890326077641		0.9487362666285655		0.9495202800950108		0.9478675268610032		0.9479535468048401		0.9495202800950108		0.9886143492813309		0.9411276518244794		0.9411276518244794		15		1		0.9411276518244794		15
0		15		predict		1		0.985894434055687		0.94426683524489		0.8891027789408722		0.9452465590564687		0.9621544167228591		0.9263790383758594		0.9289226798730513		0.9621544167228591		0.9833260150912105		0.9411276518244794		0.9411276518244794		15		1
0		16		train		1		0.9898623421164752		0.9512136748019857		0.9024286735768359		0.9512554236255762		0.9520701562137802		0.9503571933901912		0.9504420842574728		0.9520701562137802		0.9895923416392729		0.9413405980087094		0.9413405980087094		16		1		0.9413405980087094		16
0		16		predict		1		0.9857782143075241		0.9445197025798489		0.889587553526978		0.9454769216204862		0.9620701281186783		0.9269690657097788		0.9294463897258123		0.9620701281186783		0.9805514529909646		0.9413405980087094		0.9413405980087094		16		1
0		17		train		1		0.9907402918495832		0.9531629602646814		0.9063281573959324		0.9532149322491594		0.9542738271924569		0.9520520933369058		0.9521583846733812		0.9542738271924569		0.9905000120187623		0.9440633060949488		0.9440633060949488		17		1		0.9440633060949488		17
0		17		predict		1		0.9862118594997661		0.9472470574069057		0.8948319846043401		0.9479623228687833		0.9609864174934978		0.933507531879538		0.935286534630259		0.9609864174934978		0.9823479548024484		0.9440633060949488		0.9440633060949488		17		1
0		18		train		1		0.9914498239423566		0.9550023632263911		0.9100075127704219		0.9550579703172732		0.9562396702922874		0.9537650561604947		0.9538791873751858		0.9562396702922874		0.991241307736526		0.9453168673264536		0.9453168673264536		18		1		0.9453168673264536		18
0		18		predict		1		0.9869023396864414		0.9483909810650532		0.8970088940950308		0.9489652544592889		0.9596377998266064		0.9371440268763471		0.938527485986151		0.9596377998266064		0.9844496750656131		0.9453168673264536		0.9453168673264536		18		1
0		19		train		1		0.9922071265440607		0.9569591748877844		0.9139219009601681		0.957019083923568		0.9583530268865922		0.9555653228889766		0.9556888492610305		0.9583530268865922		0.9919902560331315		0.9451340867124788		0.9453168673264536		18		1		0.9453168673264536		18
0		19		predict		1		0.9865134196707245		0.9480538246184412		0.8968675534261649		0.9491015491345848		0.9686325980156054		0.9274748034245668		0.9303425623944672		0.9686325980156054		0.9838807724065678		0.9451340867124788		0.9453168673264536		18		1
0		20		train		1		0.9929598071494325		0.9594398099785353		0.9188849557209472		0.9595088041978849		0.961143741363687		0.9577358785933836		0.9578794197506788		0.961143741363687		0.992767670941511		0.9454206080100281		0.9454206080100281		20		1		0.9454206080100281		20
0		20		predict		1		0.985579552730331		0.9486318070983474		0.8978942200531436		0.9495768521582905		0.9673682689528947		0.9298951196310523		0.9324280408542247		0.9673682689528947		0.9762922040590487		0.9454206080100281		0.9454206080100281		20		1
0		21		train		1		0.9934483136920723		0.960692169441827		0.9213898032283236		0.960759740942764		0.9624141637038531		0.9589701751798009		0.9591109964388255		0.9624141637038531		0.9932883268417665		0.9472255623536073		0.9472255623536073		21		1		0.9472255623536073		21
0		21		predict		1		0.9868621430020952		0.9502453415214185		0.9008532503942043		0.9509415144967113		0.9644302090357384		0.9360603032018013		0.9378249262329633		0.9644302090357384		0.9826022673171475		0.9472255623536073		0.9472255623536073		21		1
0		22		train		1		0.9940830495085031		0.9628085365156108		0.9256232956279927		0.9628765978929148		0.9646419185183625		0.9609751545128593		0.9611177266332924		0.9646419185183625		0.9939462475402518		0.9472301941034267		0.9472301941034267		22		1		0.9472301941034267		22
0		22		predict		1		0.9869517685066244		0.9499382883289683		0.9009174657727086		0.9511132538054055		0.9739668625373278		0.9259094247835563		0.9293075517871299		0.9739668625373278		0.9825855275103628		0.9472301941034267		0.9472301941034267		22		1
0		23		train		1		0.9946340056258581		0.9649595241034039		0.9299268767992883		0.9650312674156426		0.9670111658683879		0.9629078823384201		0.9630594598484121		0.9670111658683879		0.9945244435544603		0.9477315021623139		0.9477315021623139		23		1		0.9477315021623139		23
0		23		predict		1		0.9865840289154351		0.9505403534122039		0.9021083904446566		0.9516932358769603		0.9744003467874001		0.9266800727298999		0.9300203422555768		0.9744003467874001		0.9827961839487924		0.9477315021623139		0.9477315021623139		23		1
0		24		train		1		0.9951261265283751		0.9665039000761652		0.9330149344282975		0.9665692674022941		0.9684592064978189		0.9645485936545114		0.9646866903368199		0.9684592064978189		0.9950138906542016		0.9504548546965109		0.9504548546965109		24		1		0.9504548546965109		24
0		24		predict		1		0.9870047870621593		0.9532857701917578		0.9073157480356465		0.95421311349648		0.9735333782872556		0.9330379182872349		0.9356447674485887		0.9735333782872556		0.9841515460808624		0.9504548546965109		0.9504548546965109		24		1
0		0		train		2		0.9508131241781591		0.8846790678351341		0.7694662830241388		0.8856377301597964		0.8930617479445951		0.8762963877256731		0.8783361263923349		0.8930617479445951		0.9477078359970273		0.9027452237127809		0.9027452237127809		0		1		0.9504548546965109		24
0		0		predict		2		0.9686425817948735		0.9103525091062343		0.8208367682425496		0.9111490357074662		0.9193117233407186		0.9013931869904993		0.9031300274439292		0.9193117233407186		0.9678107678683028		0.9027452237127809		0.9504548546965109		24		1
0		1		train		2		0.9684432832063117		0.9112390230391995		0.8224802443929892		0.911136294452197		0.9100829989192378		0.9123950471591611		0.9121920308987492		0.9100829989192378		0.9668671656805631		0.911635109224457		0.911635109224457		1		1		0.9504548546965109		24
0		1		predict		2		0.9733805656544141		0.9181552725849664		0.8363687682579115		0.9186358304005362		0.924055967633176		0.91225450648428		0.9132789070309897		0.924055967633176		0.9727691488467326		0.911635109224457		0.9504548546965109		24		1
0		2		train		2		0.9722920575059985		0.9174827574787836		0.8349704667883815		0.9173404181531417		0.9157607632167575		0.9192047517408097		0.9189255322041271		0.9157607632167575		0.971208108653274		0.9189461081564851		0.9189461081564851		2		1		0.9504548546965109		24
0		2		predict		2		0.9766705070667896		0.9246033896264186		0.8493135679553351		0.925196967977397		0.9325329929679221		0.9166736908015943		0.9179754637586677		0.9325329929679221		0.9759597417291999		0.9189461081564851		0.9504548546965109		24		1
0		3		train		2		0.97483284207154		0.9216402296393746		0.8432816748279177		0.9215736491800018		0.9207912744262778		0.9224891848524714		0.9223573545953216		0.9207912744262778		0.9739652855662575		0.9215024525951451		0.9215024525951451		3		1		0.9504548546965109		24
0		3		predict		2		0.9780867224024112		0.9270537945151871		0.8541415061435015		0.9267277873194804		0.9225989789037665		0.9315086637687093		0.9308937162851728		0.9225989789037665		0.977675840328358		0.9215024525951451		0.9504548546965109		24		1
0		4		train		2		0.9766194448929715		0.9246431829197437		0.849287475640001		0.9245822216932884		0.9238348691796142		0.925451496659873		0.9253307843539302		0.9238348691796142		0.9759177476714973		0.9233997599769278		0.9233997599769278		4		1		0.9504548546965109		24
0		4		predict		2		0.9794582965849197		0.9286733495890905		0.8575219866285965		0.9279454071051046		0.9185651671322609		0.9387816537623274		0.9375192026447419		0.9185651671322609		0.9790817314891296		0.9233997599769278		0.9504548546965109		24		1
0		5		train		2		0.9775130854474466		0.9265367745120765		0.8530757759875311		0.9264527484715643		0.9253942975497708		0.9276792514743823		0.9275136234437893		0.9253942975497708		0.9768310331133825		0.9251363949678024		0.9251363949678024		5		1		0.9504548546965109		24
0		5		predict		2		0.9801850513242608		0.9301604503446823		0.8603559936764841		0.9298440845257824		0.9256454098834409		0.9346755451732152		0.9340810226250942		0.9256454098834409		0.9793951099123961		0.9251363949678024		0.9504548546965109		24		1
0		6		train		2		0.9792648647439668		0.9293500675852643		0.8587010242474677		0.9292991980333439		0.9286305629897674		0.9300695721807613		0.9299687966354633		0.9286305629897674		0.978635318965205		0.9285196085491385		0.9285196085491385		6		1		0.9504548546965109		24
0		6		predict		2		0.9814747999702549		0.9332610855233451		0.866643060514695		0.9326994881882593		0.9249108949041518		0.9416113766903079		0.9406203695766645		0.9249108949041518		0.9807523331199084		0.9285196085491385		0.9504548546965109		24		1
0		7		train		2		0.9804510456847941		0.9317403882916432		0.8634812130863369		0.9317060535050571		0.931237638218639		0.9322431383646473		0.932174940257173		0.931237638218639		0.9798224710827171		0.9297088568187559		0.9297088568187559		7		1		0.9504548546965109		24
0		7		predict		2		0.9816296272800781		0.9343327613715042		0.8686725934041198		0.9342004452193218		0.932316250842886		0.9363492961816803		0.9360922708643139		0.932316250842886		0.9806027123539283		0.9297088568187559		0.9504548546965109		24		1
0		8		train		2		0.9815832792607669		0.9336234432057994		0.8672471184697444		0.9335991555526778		0.9332576699490928		0.933989216462506		0.9339408911517488		0.9332576699490928		0.9810262487176677		0.9306070061169198		0.9306070061169198		8		1		0.9504548546965109		24
0		8		predict		2		0.9823215562362674		0.9350070742647281		0.8700164961201635		0.9350828978465202		0.9361694441768615		0.9338446903560634		0.9339988707487896		0.9361694441768615		0.981809785289209		0.9306070061169198		0.9504548546965109		24		1
0		9		train		2		0.9826352197094285		0.935327374590951		0.8706547804331496		0.9353360373851467		0.9354613409277696		0.9351934082541327		0.9352107674064443		0.9354613409277696		0.9821212424668307		0.9327018913232086		0.9327018913232086		9		1		0.9504548546965109		24
0		9		predict		2		0.9830486030638979		0.9367048977994521		0.873636288053931		0.9374177763755529		0.9480902610538484		0.925319397449637		0.9269828936059996		0.9480902610538484		0.9825187484018973		0.9327018913232086		0.9504548546965109		24		1
0		10		train		2		0.9836460881615341		0.9374256787878605		0.8748515691192447		0.9374474289660942		0.9377733891676927		0.9370779684080284		0.9371216952864586		0.9377733891676927		0.9832216408239534		0.9346153944980424		0.9346153944980424		10		1		0.9504548546965109		24
0		10		predict		2		0.9837390660689092		0.9385652789066498		0.8772020055644105		0.9389552274522004		0.9449475002408246		0.93218298072176		0.933038474342512		0.9449475002408246		0.9826917070955212		0.9346153944980424		0.9504548546965109		24		1
0		11		train		2		0.9846817032528781		0.9396745069587233		0.879349328558582		0.939700012187287		0.9400974793255322		0.9392515345919145		0.9393028810000782		0.9400974793255322		0.9842464969469831		0.9357713491171489		0.9357713491171489		11		1		0.9504548546965109		24
0		11		predict		2		0.984216423516957		0.9395647069448207		0.8792476547968426		0.9400566112099751		0.9477651478662942		0.9313641672787698		0.9324724558701576		0.9477651478662942		0.981811367654361		0.9357713491171489		0.9504548546965109		24		1
0		12		train		2		0.985558769109146		0.9416403500585538		0.883281034416833		0.941665726300902		0.942075364343279		0.9412053357738287		0.9412564443455191		0.942075364343279		0.98517980807078		0.9360114291282524		0.9360114291282524		12		1		0.9504548546965109		24
0		12		predict		2		0.9832019306391864		0.9401246274722298		0.88029395787204		0.9404252005295538		0.9451642423658607		0.9350849518947102		0.9357334445967694		0.9451642423658607		0.9769913033899855		0.9360114291282524		0.9504548546965109		24		1
0		13		train		2		0.9865792956281831		0.9433924491153706		0.8867861629271544		0.9434402104354443		0.9442368886092488		0.9425480096214924		0.9426448754861241		0.9442368886092488		0.986226504438473		0.9387243551021957		0.9387243551021957		13		1		0.9504548546965109		24
0		13		predict		2		0.9847268430539644		0.9423161443752069		0.8848729948097274		0.9429814381698834		0.9539784221173297		0.9306537262032343		0.9322351003118198		0.9539784221173297		0.9791621063705648		0.9387243551021957		0.9504548546965109		24		1
0		14		train		2		0.987492405326926		0.9454666694764475		0.8909344097367106		0.9455089108851322		0.9462418679423071		0.9446914710105878		0.944777088443226		0.9462418679423071		0.9871526365128339		0.9392409821827463		0.9392409821827463		14		1		0.9504548546965109		24
0		14		predict		2		0.9850409418523921		0.9426231975676571		0.8857370746360573		0.9435627146748785		0.9592645217223774		0.925981673028526		0.9283666620053139		0.9592645217223774		0.9821499893922871		0.9392409821827463		0.9504548546965109		24		1
0		15		train		2		0.9883951548627524		0.9474791750082036		0.8949595679011072		0.9475224622270618		0.9483040463854678		0.9466543036309393		0.9467421653577622		0.9483040463854678		0.988120693346723		0.9405956102925926		0.9405956102925926		15		1		0.9504548546965109		24
0		15		predict		2		0.9852090883592081		0.9441163189740811		0.8884012507778255		0.9446557830592556		0.953858009825643		0.9343745108191747		0.9356294144048378		0.953858009825643		0.979566374366285		0.9405956102925926		0.9504548546965109		24		1
0		16		train		2		0.9894195134210124		0.949935726263122		0.8998738576974857		0.9499935349428819		0.9510917503830835		0.9487797021431603		0.9488978527727134		0.9510917503830835		0.9890961453614906		0.9421614685187291		0.9421614685187291		16		1		0.9504548546965109		24
0		16		predict		2		0.9856039994834447		0.9454348415063668		0.8913191107462619		0.9462879223388431		0.9613115306810519		0.9295579611545269		0.9317266732800373		0.9613115306810519		0.9796571365142619		0.9421614685187291		0.9504548546965109		24		1
0		17		train		2		0.9902182359428		0.952064135254822		0.9041317533674773		0.9521305699357251		0.9534519662946718		0.9506763042149723		0.9508128311742896		0.9534519662946718		0.9899322682605927		0.941497481562517		0.9421614685187291		16		1		0.9504548546965109		24
0		17		predict		2		0.9847166844857003		0.9449170655347843		0.8904407465501658		0.9459154296794178		0.963370580868895		0.9264633279949908		0.9290815556303926		0.963370580868895		0.9761837485379823		0.941497481562517		0.9504548546965109		24		1
0		18		train		2		0.9909373633911689		0.9536115217070623		0.9072269756173272		0.9536797109378289		0.9550836461723259		0.9521393972417987		0.9522798971037157		0.9550836461723259		0.9907166218451523		0.943528239079315		0.943528239079315		18		1		0.9504548546965109		24
0		18		predict		2		0.9852769699966224		0.9469279629127909		0.8942265999152331		0.9476814234926136		0.9613235719102206		0.9325321805724469		0.9344210489354978		0.9613235719102206		0.977935484065591		0.943528239079315		0.9504548546965109		24		1
0		19		train		2		0.9917879180084368		0.9558769075150599		0.9117574115692776		0.9559387865842752		0.9572812961920445		0.9544725188380754		0.9546000372253877		0.9572812961920445		0.9915782504629975		0.9444076734151812		0.9444076734151812		19		1		0.9504548546965109		24
0		19		predict		2		0.9852780802801049		0.947812998585147		0.8959915225761785		0.9485480922192939		0.9620942105770157		0.9335316146278614		0.9353781315851089		0.9620942105770157		0.9838900943624627		0.9444076734151812		0.9504548546965109		24		1
0		20		train		2		0.992558581274188		0.957847266334109		0.9156997937189743		0.9579185901134833		0.9595421662808236		0.9561523663873945		0.956300498951392		0.9595421662808236		0.9924028682751388		0.9457823177353762		0.9457823177353762		20		1		0.9504548546965109		24
0		20		predict		2		0.9864710156137718		0.9488064059724857		0.8981639702984147		0.9496878790568327		0.9663206820152201		0.9312919190338002		0.933617971776586		0.9663206820152201		0.9837798604568616		0.9457823177353762		0.9504548546965109		24		1
0		21		train		2		0.9932144012364581		0.9597679522417536		0.9195413197966795		0.9598368710987157		0.9614839255448215		0.9580519789386855		0.9581954499224453		0.9614839255448215		0.9930471369579348		0.9460718247054223		0.9460718247054223		21		1		0.9504548546965109		24
0		21		predict		2		0.9857996649989025		0.9492519341340799		0.8990863665130848		0.9501493331756218		0.9672478566612079		0.9312557949113153		0.933644827225496		0.9672478566612079		0.9803930297038623		0.9460718247054223		0.9504548546965109		24		1
0		22		train		2		0.9938008310755155		0.9618813088360583		0.9237694975801403		0.9619547254622701		0.96381102618214		0.9599515914899767		0.9601055614700634		0.96381102618214		0.993645599963994		0.9465651989226471		0.9465651989226471		22		1		0.9504548546965109		24
0		22		predict		2		0.9862401079679184		0.9494144917065535		0.8999565707547396		0.9506496252613773		0.9744364704749061		0.9243922116391923		0.9279964221824687		0.9744364704749061		0.9792807408961014		0.9465651989226471		0.9504548546965109		24		1
0		23		train		2		0.9944821013590315		0.9641858308772838		0.92837918198786		0.9642577623283154		0.9661983364090398		0.9621733253455278		0.9623249677670834		0.9661983364090398		0.9943492660809896		0.9470363367695275		0.9470363367695275		23		1		0.9504548546965109		24
0		23		predict		2		0.9868510229131112		0.9496673590415123		0.900640250303417		0.9509867148200697		0.97657980926693		0.922754584753212		0.9267007929797298		0.97657980926693		0.9816181994918158		0.9470363367695275		0.9504548546965109		24		1
0		24		train		2		0.9949090580730858		0.9656052719516638		0.9312175661093106		0.9656719288019279		0.9675470312156618		0.9636635126876658		0.9638040802127972		0.9675470312156618		0.9947917009764521		0.9490102221281245		0.9490102221281245		24		1		0.9504548546965109		24
0		24		predict		2		0.9871233427916717		0.9516300912128601		0.9044486266691384		0.9528388278388278		0.9772541181003757		0.9260057557768493		0.9296137634014479		0.9772541181003757		0.9817397974200532		0.9490102221281245		0.9504548546965109		24		1
0		0		train		3		0.9518041304016066		0.8858260605166585		0.7716930953093981		0.886411318884225		0.8909784961450811		0.880673624888236		0.8818907257535846		0.8909784961450811		0.9487944283675455		0.8982289021863475		0.8982289021863475		0		1		0.9504548546965109		24
0		0		predict		3		0.9671572581815161		0.9067882838134802		0.8147460738769897		0.9042239928734039		0.8800091513341682		0.9335677387503462		0.9298091603053436		0.8800091513341682		0.9655331018250222		0.8982289021863475		0.9504548546965109		24		1
0		1		train		3		0.969175387143253		0.9122174288698961		0.8244367623040111		0.9121229838223595		0.9111426876958694		0.9132921700439229		0.9131053916170627		0.9111426876958694		0.9679183620062215		0.9101998076856459		0.9101998076856459		1		1		0.9504548546965109		24
0		1		predict		3		0.9735840195384513		0.9170715554351425		0.8350540849445438		0.915089570824446		0.8937241113572874		0.9404192806483076		0.9375015788808893		0.8937241113572874		0.9729095219571514		0.9101998076856459		0.9504548546965109		24		1
0		2		train		3		0.9731700643449858		0.9185379305361965		0.8370770891665172		0.9184680999793605		0.9176814491244021		0.919394411947991		0.919256100650173		0.9176814491244021		0.9721191929236502		0.9196664668664909		0.9196664668664909		2		1		0.9504548546965109		24
0		2		predict		3		0.9773794956754909		0.9254282187904512		0.8509330096510501		0.9249251433489715		0.9187217031114536		0.9321348152251135		0.9312129274782142		0.9187217031114536		0.9767527427561387		0.9196664668664909		0.9504548546965109		24		1
0		3		train		3		0.9751410985604607		0.9224048914270576		0.8448148281651816		0.9222705737954578		0.9206768762060733		0.9241329066480418		0.9238697983535987		0.9206768762060733		0.9742879668106953		0.9216138007289137		0.9216138007289137		3		1		0.9504548546965109		24
0		3		predict		3		0.9783277750596886		0.9269454228002048		0.8539225752785278		0.9272594297772342		0.9312566226760428		0.9226341710115958		0.9232964041831814		0.9312566226760428		0.9775535809657936		0.9216138007289137		0.9504548546965109		24		1
0		4		train		3		0.9769868588584112		0.9253175303230545		0.8506386651071381		0.9252086665390372		0.9238619634949259		0.9267730971511833		0.92655930146193		0.9238619634949259		0.9763177611180247		0.9249022422533381		0.9249022422533381		4		1		0.9504548546965109		24
0		4		predict		3		0.9797061800773621		0.9298112525964056		0.8597297854077296		0.930361750931855		0.9377107215104518		0.9219116885618986		0.9231270744428639		0.9377107215104518		0.9790593712661371		0.9249022422533381		0.9504548546965109		24		1
0		5		train		3		0.9782468525330761		0.9275242117812104		0.8550505167508735		0.9274439392957622		0.9264178605726534		0.9286305629897674		0.9284722934606171		0.9264178605726534		0.9775134039615897		0.9260698280629875		0.9260698280629875		5		1		0.9504548546965109		24
0		5		predict		3		0.9805628183375946		0.9307564947770854		0.8616321153084457		0.9313278838288243		0.939071380406512		0.92244150902501		0.9237110471520449		0.939071380406512		0.9797337901250973		0.9260698280629875		0.9504548546965109		24		1
0		6		train		3		0.9796053250425855		0.9296736941292639		0.8593479184872415		0.9296346108374236		0.9291182606653762		0.9302291275931518		0.9301515352436981		0.9291182606653762		0.9789208497125399		0.9278401160921323		0.9278401160921323		6		1		0.9504548546965109		24
0		6		predict		3		0.9810647171466538		0.9326289171859478		0.8652801230872877		0.9323867069486405		0.9290410365090068		0.9362168410659024		0.9357565613932954		0.9290410365090068		0.980119846846479		0.9278401160921323		0.9504548546965109		24		1
0		7		train		3		0.980573761855277		0.9315642752421178		0.8631318394396243		0.931469682513125		0.9301839704009658		0.9329445800832699		0.9327589538000821		0.9301839704009658		0.9800956191144349		0.9290264865262506		0.9290264865262506		7		1		0.9504548546965109		24
0		7		predict		3		0.9815431454401028		0.9337246756374364		0.867511252268475		0.9333268727589883		0.9277526249879587		0.9396967981986104		0.9389685093107146		0.9277526249879587		0.9805054824604424		0.9290264865262506		0.9504548546965109		24		1
0		8		train		3		0.9817475833836382		0.9338131034129806		0.8676291350061514		0.9337270133522638		0.9325140815177634		0.9351121253081979		0.9349431046451964		0.9325140815177634		0.9812591666614642		0.9315478440914392		0.9315478440914392		8		1		0.9504548546965109		24
0		8		predict		3		0.9830155144412296		0.9358620066829224		0.8717653850049859		0.9355484702366187		0.9309917156343319		0.9407323563765096		0.9401500504626759		0.9309917156343319		0.9821999446763742		0.9315478440914392		0.9504548546965109		24		1
0		9		train		3		0.9825436069706458		0.9352596388026722		0.8705195281130033		0.9352350721434014		0.9348803183883098		0.9356389592170345		0.9355900952335043		0.9348803183883098		0.9820859201134549		0.9337224898196157		0.9337224898196157		9		1		0.9504548546965109		24
0		9		predict		3		0.9835052699460859		0.9377765736476114		0.8755815513577184		0.9380265643270469		0.9418047394278007		0.9337483593627705		0.9342785814111829		0.9418047394278007		0.9825017906730199		0.9337224898196157		0.9504548546965109		24		1
0		10		train		3		0.9835455504970653		0.9372962281702607		0.8745924710876257		0.9372904702048067		0.9372044085461492		0.9373880477943722		0.9373765476706654		0.9372044085461492		0.9831425703723663		0.933220662488729		0.9337224898196157		9		1		0.9504548546965109		24
0		10		predict		3		0.9827193482978402		0.9374273758993347		0.8749221673584402		0.937813758399301		0.9436350062614391		0.9312196707888304		0.9320638922917732		0.9436350062614391		0.9821666291768427		0.933220662488729		0.9504548546965109		24		1
0		11		train		3		0.9844631487305981		0.9390784320218681		0.8781574176889136		0.9390442081229207		0.9385169775990222		0.9396398864447141		0.9395720313441832		0.9385169775990222		0.9840887103479911		0.9353014069544463		0.9353014069544463		11		1		0.9504548546965109		24
0		11		predict		3		0.9840423981986578		0.9390348896715734		0.8783426519963627		0.939785687951191		0.951497928908583		0.9265717003624454		0.9283582790949035		0.951497928908583		0.9820236209703982		0.9353014069544463		0.9504548546965109		24		1
0		12		train		3		0.9854112102227027		0.9410006231692521		0.8820013315339383		0.9410135863185711		0.941220388171224		0.9407808581672803		0.9408068753216037		0.941220388171224		0.9850133904395114		0.9362851925311548		0.9362851925311548		12		1		0.9504548546965109		24
0		12		predict		3		0.9837217694254273		0.940281164393871		0.8805960644872861		0.9405417718180347		0.9446585107407764		0.9359037653377004		0.9364607579826917		0.9446585107407764		0.9766925081249462		0.9362851925311548		0.9504548546965109		24		1
0		13		train		3		0.986244799939403		0.9427165964723202		0.8854331960903107		0.9427141820634094		0.9426744497596132		0.9427587431850271		0.9427539177166598		0.9426744497596132		0.9859265635435205		0.9377900264829958		0.9377900264829958		13		1		0.9504548546965109		24
0		13		predict		3		0.9846678301275684		0.9413889641470243		0.8830266398538835		0.9420766718035068		0.9532559483672093		0.929521837032042		0.9311565650031169		0.9532559483672093		0.9790706449574007		0.9377900264829958		0.9504548546965109		24		1
0		14		train		3		0.9870964905612696		0.9447065234079832		0.8894130594552048		0.94471118389168		0.944790816833397		0.9446222299825693		0.944631564372767		0.944790816833397		0.9867812186639321		0.9391525218642619		0.9391525218642619		14		1		0.9504548546965109		24
0		14		predict		3		0.9853757075828297		0.9425629910593335		0.8854010487937151		0.9432703400211695		0.9550260090550043		0.9300998229917998		0.931800559223666		0.9550260090550043		0.9837891201491786		0.9391525218642619		0.9504548546965109		24		1
0		15		train		3		0.9878795027354852		0.9464119600328744		0.8928239382274608		0.9464173638986594		0.9465128110954232		0.9463111089703257		0.9463219359499158		0.9465128110954232		0.9875663519002578		0.9396123137043224		0.9396123137043224		15		1		0.9504548546965109		24
0		15		predict		3		0.9851921119326471		0.943146994190072		0.8864442277400592		0.9436659209545116		0.9523528561795588		0.9339410213493564		0.9351360298899228		0.9523528561795588		0.9840903358093076		0.9396123137043224		0.9504548546965109		24		1
0		16		train		3		0.988722904286281		0.9483522140571329		0.8967046660839124		0.9483710208429885		0.9487164820741		0.9479879460401658		0.9480258111096069		0.9487164820741		0.9884910007997946		0.9417523041584999		0.9417523041584999		16		1		0.9504548546965109		24
0		16		predict		3		0.9862171715338244		0.9450374785514314		0.8902219153748524		0.9455326511738911		0.9541229168673538		0.9359519308343468		0.9370956869330748		0.9541229168673538		0.9851583495801411		0.9417523041584999		0.9504548546965109		24		1
0		17		train		3		0.9896600217506774		0.9502638685263401		0.900529325997332		0.9503105403251275		0.951203138123809		0.9493245989288714		0.9494196161624053		0.951203138123809		0.9894561167385911		0.9423393621482992		0.9423393621482992		17		1		0.9504548546965109		24
0		17		predict		3		0.9862836331828244		0.9455070893163551		0.8913364270962215		0.946230298997796		0.9589514497639919		0.9320625669801438		0.9338422391857506		0.9589514497639919		0.9851081052652526		0.9423393621482992		0.9504548546965109		24		1
0		18		train		3		0.9904574783363576		0.9522989526541892		0.904598335624141		0.952322205003987		0.952786650329798		0.9518112549785804		0.9518582122545467		0.952786650329798		0.990242052811924		0.9427767650029746		0.9427767650029746		18		1		0.9504548546965109		24
0		18		predict		3		0.9864181659025223		0.9458924109696258		0.8921454089783918		0.9466510741613587		0.9601074077641846		0.931677243006972		0.9335667201348804		0.9601074077641846		0.9849343152723313		0.9427767650029746		0.9504548546965109		24		1
0		19		train		3		0.9911709092625657		0.9542361961989686		0.908476273850867		0.9543029863959587		0.9556977839860554		0.9527746084118818		0.9529122541603631		0.9556977839860554		0.9909532657592794		0.9443499768150212		0.9443499768150212		19		1		0.9504548546965109		24
0		19		predict		3		0.9867056660350314		0.9474156356302116		0.8951598501744578		0.9481187554203843		0.9609623350351604		0.9338687731043867		0.935613965157448		0.9609623350351604		0.9851935538029667		0.9443499768150212		0.9504548546965109		24		1
0		20		train		3		0.9919033029839751		0.956492550568529		0.9129865121524074		0.9565307626366686		0.9573716105764165		0.9556134905606416		0.9556913904140258		0.9573716105764165		0.9917050875025665		0.944594388884959		0.944594388884959		20		1		0.9504548546965109		24
0		20		predict		3		0.9868956826253215		0.9474336975827087		0.8955837355176193		0.9484644398141863		0.9674284750987381		0.9274386793020819		0.9302295962671792		0.9674284750987381		0.9853884166369062		0.944594388884959		0.9504548546965109		24		1
0		21		train		3		0.9925154224479105		0.9579165073621275		0.915835449824887		0.9579649743201145		0.9590695210026101		0.956763493721645		0.9568629688921995		0.9590695210026101		0.9923607189625601		0.9455211923744324		0.9455211923744324		21		1		0.9504548546965109		24
0		21		predict		3		0.9869036393307108		0.9483066919534001		0.8974654324745517		0.949409005739067		0.9700895867450149		0.9265235348657989		0.9295917660905084		0.9700895867450149		0.9853582132141632		0.9455211923744324		0.9504548546965109		24		1
0		22		train		3		0.9931098078038767		0.9597995622762837		0.9196027676073192		0.9598560608224194		0.9612069614327474		0.9583921631198201		0.9585089520515869		0.9612069614327474		0.9929807802232229		0.9463144000982894		0.9463144000982894		22		1		0.9504548546965109		24
0		22		predict		3		0.98687195460224		0.9491255004666005		0.8990709233156163		0.9501892220087007		0.9704749060784125		0.9277758377786073		0.9307342310090768		0.9704749060784125		0.984968969153913		0.9463144000982894		0.9504548546965109		24		1
0		23		train		3		0.9937616949329173		0.9616781014712213		0.9233614422571672		0.9617425409300263		0.9633624647397591		0.9599937382026835		0.960128055878929		0.9633624647397591		0.9936116456957682		0.9487866673072168		0.9487866673072168		23		1		0.9504548546965109		24
0		23		predict		3		0.9874255278822264		0.9514735542912188		0.9037638876225524		0.9524836994328699		0.9727266159329544		0.930220236733416		0.9330661368938992		0.9727266159329544		0.9854007921140464		0.9487866673072168		0.9504548546965109		24		1
0		24		train		3		0.9942518124667571		0.9632029093273685		0.9264116442096214		0.9632680414229989		0.9649760817405388		0.9614297369141983		0.961566037000039		0.9649760817405388		0.9941461429527231		0.9483695332038232		0.9487866673072168		23		1		0.9504548546965109		24
0		24		predict		3		0.9871396847291019		0.9511604804479364		0.9030533217459038		0.9521246458923512		0.9712937096618823		0.9310270088022445		0.9336975645893139		0.9712937096618823		0.9847708362439083		0.9483695332038232		0.9504548546965109		24		1
0		0		train		4		0.9536285507988538		0.8887360321741643		0.7775270332053131		0.8893936265400233		0.8946813890761969		0.8827906752721317		0.8841680004283904		0.8946813890761969		0.9504533228757616		0.9031766714174694		0.9031766714174694		0		1		0.9504548546965109		24
0		0		predict		4		0.9688051526704557		0.9106354796953551		0.8215274063316399		0.9117386469724269		0.9231287929871881		0.8981420159668622		0.9006261527436767		0.9231287929871881		0.9683049258774871		0.9031766714174694		0.9504548546965109		24		1
0		1		train		4		0.969495326791826		0.9130457687120701		0.8260932126501042		0.9129581220855337		0.9120388209228398		0.9140527165013005		0.9138792783607774		0.9120388209228398		0.9680860956008219		0.9128672686387729		0.9128672686387729		1		1		0.9504548546965109		24
0		1		predict		4		0.974015804761185		0.9193112375447786		0.8386325910345024		0.9195094412146254		0.921768134091128		0.9168543114140185		0.9172617906441718		0.921768134091128		0.9735008160103266		0.9128672686387729		0.9504548546965109		24		1
0		2		train		4		0.9729029388883825		0.918407125999422		0.8368158196300495		0.9183280827913297		0.9174393122049899		0.9193749397938542		0.9192185770429107		0.9174393122049899		0.9718421746974778		0.9169586955720462		0.9169586955720462		2		1		0.9504548546965109		24
0		2		predict		4		0.9764246402812302		0.9225443270417533		0.8453571431733482		0.9235086717918533		0.9351459396975244		0.9099425626452491		0.9121574799450324		0.9351459396975244		0.9759811217745197		0.9169586955720462		0.9504548546965109		24		1
0		3		train		4		0.9756030404399216		0.923286834120027		0.8465763426712573		0.9231902994353093		0.9220300308255467		0.9245436374145073		0.9243534918531976		0.9220300308255467		0.9748005972578099		0.9215591583960235		0.9215591583960235		3		1		0.9504548546965109		24
0		3		predict		4		0.9784829513675322		0.9270056293085283		0.8540393926331006		0.926708660274933		0.922948174549658		0.9310631329247294		0.9304999150217301		0.922948174549658		0.978115353280427		0.9215591583960235		0.9504548546965109		24		1
0		4		train		4		0.9772272438047676		0.9259464406126577		0.8518940488490828		0.9258850857292636		0.9251186061073114		0.926774275118004		0.9266528364923623		0.9251186061073114		0.9764466297294063		0.9256019941194683		0.9256019941194683		4		1		0.9504548546965109		24
0		4		predict		4		0.9801524432082148		0.9304675035371324		0.8609772772118425		0.9308107525206836		0.9354228879684038		0.9255120594362228		0.9262438745215867		0.9354228879684038		0.9797154605735238		0.9256019941194683		0.9504548546965109		24		1
0		5		train		4		0.9787410409970209		0.9285052018110008		0.857013521047969		0.928408652454905		0.9271565841441094		0.9298538194778923		0.9296641070221192		0.9271565841441094		0.9779883740196966		0.9278090180659316		0.9278090180659316		5		1		0.9504548546965109		24
0		5		predict		4		0.9809607623517748		0.9326409584876125		0.8653230848923886		0.9323112665319507		0.9277646662171275		0.9375173094753573		0.9369026484107104		0.9277646662171275		0.9803450557700311		0.9278090180659316		0.9504548546965109		24		1
0		6		train		4		0.9798990142752106		0.9304543757826799		0.8609123991425944		0.9303530057264134		0.9289988922069164		0.9319098593584433		0.9317110725337762		0.9289988922069164		0.9793002136205735		0.9293997549813893		0.9293997549813893		6		1		0.9504548546965109		24
0		6		predict		4		0.9818618928573654		0.933802944098257		0.8676854941090859		0.9342486888608488		0.9405765340525961		0.9270292725805869		0.9280054174141352		0.9405765340525961		0.9812126218675566		0.9293997549813893		0.9504548546965109		24		1
0		7		train		4		0.9812537979148952		0.9330597967440516		0.8661207293745946		0.9330055464671023		0.9322500240824584		0.9338695694056449		0.9337622944393856		0.9322500240824584		0.9806878793541514		0.9229331385096019		0.9293997549813893		6		1		0.9504548546965109		24
0		7		predict		4		0.980003090469542		0.9273126825009783		0.8554984015851762		0.928918379482711		0.9498964454291494		0.9047286476332679		0.9088468761160843		0.9498964454291494		0.979309771900593		0.9229331385096019		0.9504548546965109		24		1
0		8		train		4		0.9823395554442784		0.935391279741836		0.8707832002681152		0.9353520657970634		0.9347847028224641		0.9359978566612079		0.9359201179062597		0.9347847028224641		0.9818569978300586		0.9305923542860641		0.9305923542860641		8		1		0.9504548546965109		24
0		8		predict		4		0.9830667837293698		0.9349649297089015		0.8702140011677779		0.9341237025382073		0.9221895771120316		0.9477404361385722		0.9463707584707016		0.9221895771120316		0.9825092160374609		0.9305923542860641		0.9504548546965109		24		1
0		9		train		4		0.9834719212557523		0.937552680377613		0.8751060837052859		0.9375125196360606		0.936909979770735		0.9381953809844908		0.9381158350036923		0.936909979770735		0.9830917800037473		0.9337473528068363		0.9337473528068363		9		1		0.9504548546965109		24
0		9		predict		4		0.9833497742912791		0.937854842108432		0.8757281924127899		0.9380566024148442		0.9411063481360177		0.9346032969282454		0.9350265588361966		0.9411063481360177		0.981900889231225		0.9337473528068363		0.9504548546965109		24		1
0		10		train		4		0.9845451348850697		0.9395244316539832		0.879049435423219		0.9394899134795672		0.9389539784221174		0.9400948848858491		0.9400264606871943		0.9389539784221174		0.9841392282460895		0.9342663931800561		0.9342663931800561		10		1		0.9504548546965109		24
0		10		predict		4		0.9836779124666613		0.9382522050633674		0.8765545133035484		0.9385809418866479		0.9435988825739331		0.9329054631714572		0.9336160884483415		0.9435988825739331		0.9816040189992586		0.9342663931800561		0.9504548546965109		24		1
0		11		train		4		0.9855586844634543		0.9413817912532512		0.8827636201404321		0.9413903482567598		0.9415277911569213		0.941235791349581		0.9412529454781832		0.9415277911569213		0.9851505906913451		0.9360001529489064		0.9360001529489064		11		1		0.9504548546965109		24
0		11		predict		4		0.9843336195751204		0.9395225623889942		0.8795826513594487		0.9405617784720619		0.9570007706386668		0.9220441436776765		0.9246780142174029		0.9570007706386668		0.9814368212265218		0.9360001529489064		0.9504548546965109		24		1
0		12		train		4		0.9864768682368537		0.943525130045275		0.8870502963638552		0.9435332042096138		0.943668119641653		0.943382140448897		0.9433983273495502		0.943668119641653		0.9860563529439159		0.9375924571618537		0.9375924571618537		12		1		0.9504548546965109		24
0		12		predict		4		0.984815237713377		0.941232427225383		0.8825929638352136		0.9417291998734412		0.9497519506791253		0.9327128011848712		0.9338408533914259		0.9497519506791253		0.9823982318580229		0.9375924571618537		0.9504548546965109		24		1
0		13		train		4		0.9875200105236672		0.9461907571524901		0.8923818685680746		0.9462147198651982		0.946636282631731		0.9457452316732492		0.9457935323981618		0.946636282631731		0.9871751980237752		0.9389665096911655		0.9389665096911655		13		1		0.9504548546965109		24
0		13		predict		4		0.9849343369489467		0.9424245160901894		0.885239683367357		0.9432675023581687		0.9572777189095463		0.9275711344178598		0.9296614629012454		0.9572777189095463		0.9823224452381869		0.9389665096911655		0.9504548546965109		24		1
0		14		train		4		0.9884771686021819		0.9479081374626722		0.8958167807038775		0.9479358001736025		0.94843945669974		0.9473768182256045		0.947432678284142		0.94843945669974		0.9881353284597452		0.9395690417416827		0.9395690417416827		14		1		0.9504548546965109		24
0		14		predict		4		0.9851495146725942		0.9429242301092748		0.8863416094694543		0.9438608127154076		0.9596016761391003		0.9262465832600817		0.928628026754294		0.9596016761391003		0.9814340371957372		0.9395690417416827		0.9504548546965109		24		1
0		15		train		4		0.9895843041596704		0.9505647336480108		0.9011304636954628		0.95060146372718		0.9513082795491764		0.9498211877468452		0.9498956974444371		0.9513082795491764		0.9892080776728465		0.9414823818550339		0.9414823818550339		15		1		0.9504548546965109		24
0		15		predict		4		0.9849356593571086		0.9450434992022637		0.8903050558211167		0.9456453130396466		0.956109719680185		0.9339771454718413		0.9354074876893717		0.956109719680185		0.9807963145663411		0.9414823818550339		0.9504548546965109		24		1
0		16		train		4		0.9905063860622576		0.9529865258645602		0.9059745542439774		0.9530292982289933		0.9538971438204412		0.9520759079086794		0.9521630303157781		0.9538971438204412		0.9901967583348164		0.943079453180432		0.943079453180432		16		1		0.9504548546965109		24
0		16		predict		4		0.9862406353797586		0.946319877178723		0.89285464529599		0.9469026548672567		0.9572897601387149		0.9353498621262658		0.9367385412984565		0.9572897601387149		0.9842157325948263		0.943079453180432		0.9504548546965109		24		1
0		17		train		4		0.9914996106700287		0.9554188541566323		0.9108401488597979		0.9554703955330578		0.9565763173104711		0.9542613910027936		0.9543670279702428		0.9565763173104711		0.9911926566477856		0.9427723477110507		0.943079453180432		16		1		0.9504548546965109		24
0		17		predict		4		0.9864997638001116		0.9455371925705168		0.8921879341093911		0.9468645003641832		0.9705110297659185		0.9205630546557974		0.9243428597642094		0.9705110297659185		0.9835772593356792		0.9427723477110507		0.9504548546965109		24		1
0		18		train		4		0.9923437913926315		0.9581281307195838		0.9162602730473547		0.9581899913882113		0.9596076967536846		0.9566485646854831		0.9567764688226907		0.9596076967536846		0.9920926721625936		0.9454781352538477		0.9454781352538477		18		1		0.9504548546965109		24
0		18		predict		4		0.9865627443859727		0.9484511875733767		0.8975134116098371		0.9493851974462049		0.9668986610153164		0.9300034919985068		0.9324948903753252		0.9668986610153164		0.9835199396411214		0.9454781352538477		0.9504548546965109		24		1
0		19		train		4		0.9931087941608674		0.9600291397745881		0.9200627022196741		0.9600910110096872		0.9615794480300549		0.9584788315191215		0.958607174796382		0.9615794480300549		0.9928657832573986		0.9460590400828519		0.9460590400828519		19		1		0.9504548546965109		24
0		19		predict		4		0.9867650526082485		0.9488846744333063		0.8986158970494288		0.9499705362404243		0.9705832771409305		0.927185810444688		0.9302151133268707		0.9705832771409305		0.9834027457301797		0.9460590400828519		0.9504548546965109		24		1
0		20		train		4		0.9938275861539798		0.9625999422021		0.9252053899495863		0.9626643427043109		0.9643248482805125		0.9608750361236875		0.9610095458663579		0.9643248482805125		0.9936419760531399		0.9463133560066728		0.9463133560066728		20		1		0.9504548546965109		24
0		20		predict		4		0.9863066755342651		0.9491556037207622		0.8994095326587842		0.9503816121128795		0.9738584914748097		0.9244524185100004		0.9280100056224254		0.9738584914748097		0.9810445682654629		0.9463133560066728		0.9504548546965109		24		1
0		21		train		4		0.9943161716770748		0.9639651165590983		0.9279363583965708		0.9640304631522961		0.9657818370099219		0.9621483961082747		0.9622854297703353		0.9657818370099219		0.9941376129592863		0.9474924588537628		0.9474924588537628		21		1		0.9504548546965109		24
0		21		predict		4		0.9857397801574269		0.9504982088563774		0.9020601639033631		0.9516716824978839		0.9747736248916289		0.9262225005117584		0.9296394120349104		0.9747736248916289		0.9811005687946924		0.9474924588537628		0.9504548546965109		24		1
0		22		train		4		0.9950624854919631		0.9664140015412773		0.9328368651806527		0.9664870417763041		0.9685934640208073		0.9642345390617474		0.9643897614194941		0.9685934640208073		0.9949148470362963		0.9495272262496596		0.9495272262496596		22		1		0.9504548546965109		24
0		22		predict		4		0.9868804662681294		0.9523465486619104		0.9055315432167869		0.9533503468518115		0.9738584914748097		0.9308343468156586		0.9336881356714885		0.9738584914748097		0.9831305850411602		0.9495272262496596		0.9504548546965109		24		1
0		23		train		4		0.9953385816812776		0.9675443719294866		0.9350984172816061		0.9676180178556679		0.9698186590887198		0.9652700847702533		0.9654273410787437		0.9698186590887198		0.9952104892387519		0.9496485953053172		0.9496485953053172		23		1		0.9504548546965109		24
0		23		predict		4		0.986736614996799		0.9525211475360487		0.9058397440569791		0.9534968746314424		0.9734972545997496		0.9315447878911941		0.9343017611981694		0.9734972545997496		0.9841575253059955		0.9496485953053172		0.9504548546965109		24		1
0		24		train		4		0.9959795637708968		0.9699706796069743		0.9399501292687218		0.9700354000111141		0.972130575089105		0.9678107841248434		0.9679492367224475		0.972130575089105		0.9958649872306314		0.9504804689208513		0.9504804689208513		24		4		0.9504804689208513		24
0		24		predict		4		0.9868102888124116		0.9531412745717812		0.9075999401917367		0.9543703721074756		0.9800717657258453		0.9262104591375968		0.9299825184812788		0.9800717657258453		0.9839593084759488		0.9504804689208513		0.9504804689208513		24		4
