seed		epoch		type		fold		auc		acc		mcc		f1		sensitivity		specificity		precision		recall		aupr		metrics_ep_avg		fold_metric_best		fold_ep_best		fold_best		metric_best		ep_best
0		0		train		0		0.9550655648839386		0.890925648571149		0.7818655383555335		0.891254008773154		0.8939438184319617		0.8879074696241707		0.8885803374249651		0.8939438184319617		0.9517557574321533		0.8577845562342807		0.8577845562342807		0		0		0.8577845562342807		0
0		0		predict		0		0.9455415971876571		0.8718391773432232		0.7440926715909972		0.8696647788152456		0.8551560543300261		0.8885223003564204		0.8846743151836766		0.8551560543300261		0.9413099217726952		0.8577845562342807		0.8577845562342807		0		0
0		1		train		0		0.968809206194982		0.9116468100158803		0.8232936985867252		0.9116276548815795		0.9114286832463806		0.9118649374420481		0.9118267134097124		0.9114286832463806		0.9672245489467659		0.8687752644946444		0.8687752644946444		1		0		0.8687752644946444		1
0		1		predict		0		0.9566686087764253		0.880237934688373		0.7626330646908154		0.8755614498229636		0.8426572584529429		0.9178186109238031		0.9111397547066635		0.8426572584529429		0.9564415688568305		0.8687752644946444		0.8687752644946444		1		0
0		2		train		0		0.9729631724192458		0.9186386591304216		0.8372784168469308		0.9185728403393751		0.9178289626188763		0.9194483580795492		0.9193179248269935		0.9178289626188763		0.9719031835128348		0.7571519092768788		0.8687752644946444		1		0		0.8687752644946444		1
0		2		predict		0		0.9011885396106818		0.7846365957036895		0.5940556914053217		0.7487268103878223		0.6417252673152876		0.9275479240920913		0.8985517020451518		0.6417252673152876		0.8992427275442296		0.7571519092768788		0.8687752644946444		1		0
0		3		train		0		0.9756060302897515		0.9229933242517065		0.8459880988972467		0.9229220874119184		0.9220677177254021		0.9239189335645388		0.9237780418508978		0.9220677177254021		0.9748006239281655		0.7142387908162069		0.8687752644946444		1		0		0.8687752644946444		1
0		3		predict		0		0.8942538277166403		0.7454604566034101		0.5346051595116763		0.6826357194331012		0.5475026490704171		0.9434182641364031		0.9063347153564025		0.5475026490704171		0.8881461728551617		0.7142387908162069		0.8687752644946444		1		0
0		4		train		0		0.9773621373738699		0.9261257328647013		0.8522542303922761		0.9260316503391107		0.9248524112435388		0.927399058319184		0.9272139004669103		0.9248524112435388		0.9767452776195361		0.7918898278012504		0.8687752644946444		1		0		0.8687752644946444		1
0		4		predict		0		0.9111676979173492		0.8160341007610057		0.6417097009368365		0.7986478115898098		0.7296864463924477		0.9023817551295636		0.8820044828690362		0.7296864463924477		0.909915277142905		0.7918898278012504		0.8687752644946444		1		0
0		5		train		0		0.9787792127387742		0.9287252858078258		0.8574520225685804		0.9286597813886566		0.9278056916125031		0.9296448827715762		0.9295154450751293		0.9278056916125031		0.9782832541963565		0.7464492722150026		0.8687752644946444		1		0		0.8687752644946444		1
0		5		predict		0		0.9027405099727686		0.7735044793372507		0.5844596598732742		0.7250924396767169		0.5974015027454003		0.9496074559291012		0.9222090040521953		0.5974015027454003		0.9042382774346226		0.7464492722150026		0.8687752644946444		1		0
0		6		train		0		0.9799516662134392		0.9307227419488369		0.8614461662212972		0.930679230277982		0.9300936560165938		0.9313518297749359		0.9312655423429941		0.9300936560165938		0.97943290813445		0.8262385340179501		0.8687752644946444		1		0		0.8687752644946444		1
0		6		predict		0		0.9341766551123606		0.8438011752239669		0.6974407069023895		0.8295355988330837		0.7601146325016858		0.927487717946248		0.9129114363394458		0.7601146325016858		0.934453885636676		0.8262385340179501		0.8687752644946444		1		0
0		7		train		0		0.9812212537412619		0.9334457247363945		0.866892366200206		0.9333974027773803		0.9327187941223398		0.9341726575388654		0.9340769996080678		0.9327187941223398		0.9807693647478404		0.7811989228499865		0.8687752644946444		1		0		0.8687752644946444		1
0		7		predict		0		0.9086210491388538		0.8060699836239283		0.6301537087188003		0.7799509499183637		0.6873735670937289		0.9247664001541277		0.9013468491939431		0.6873735670937289		0.8638086221348658		0.7811989228499865		0.8687752644946444		1		0
0		8		train		0		0.9822660226398884		0.9354010341012576		0.8708029776535838		0.9353544239349507		0.9346786162632122		0.9361234541141337		0.9360312095823548		0.9346786162632122		0.9819363140629082		0.8889631603125013		0.8889631603125013		8		0		0.8889631603125013		8
0		8		predict		0		0.9648127881804491		0.8981914073788653		0.7985214156573202		0.8943270300333704		0.8616221943936037		0.9347606203641268		0.9296125964611427		0.8616221943936037		0.9644383762512219		0.8889631603125013		0.8889631603125013		8		0
0		9		train		0		0.9831006811976679		0.9369032656225305		0.8738066993947724		0.9368837895624416		0.9365932812118987		0.9372132509663669		0.9371744781860848		0.9365932812118987		0.9827591233624383		0.8367522118900528		0.8889631603125013		8		0		0.8889631603125013		8
0		9		predict		0		0.9404261478751468		0.8525611694441768		0.7141525697292842		0.8398689605116033		0.7732997784413833		0.9318225604469704		0.918978864673812		0.7732997784413833		0.9433169450122407		0.8367522118900528		0.8889631603125013		8		0
0		10		train		0		0.9842545610493059		0.9391927387125665		0.8783862378015747		0.939152805580283		0.9385350404758966		0.9398504389292295		0.9397713844744013		0.9385350404758966		0.9840266526052757		0.924045263116507		0.924045263116507		10		0		0.924045263116507		10
0		10		predict		0		0.9791145574577205		0.9293902321548984		0.8589139323222852		0.928762330531124		0.9205760524034293		0.9382044119063674		0.9370955089233183		0.9205760524034293		0.9788678486063378		0.924045263116507		0.924045263116507		10		0
0		11		train		0		0.9851604315914113		0.9411360061413874		0.8822721723101199		0.9411183685514931		0.9408350467979035		0.9414369663909059		0.9414018609947195		0.9408350467979035		0.98493918808517		0.8473297701259835		0.924045263116507		10		0		0.924045263116507		10
0		11		predict		0		0.9363005546442323		0.8639220691648204		0.7362889752876892		0.8528074814071922		0.7884115210480686		0.9394326172815721		0.9286585538819391		0.7884115210480686		0.9427591219657999		0.8473297701259835		0.924045263116507		10		0
0		12		train		0		0.986154449161537		0.943157546154483		0.8863154759525912		0.9431311809432307		0.9426925126364876		0.9436225810724564		0.9435702576959236		0.9426925126364876		0.9859367519821984		0.8271616237823003		0.924045263116507		10		0		0.924045263116507		10
0		12		predict		0		0.9318002155631726		0.8453003082554668		0.7000101575095455		0.8315358138010163		0.7635945477314324		0.927006068779501		0.9127481036889906		0.7635945477314324		0.9341856691340275		0.8271616237823003		0.924045263116507		10		0
0		13		train		0		0.9870374687911682		0.9448659958304797		0.889732044001371		0.9448755380308822		0.9450376761506806		0.9446943149934371		0.9447134555369304		0.9450376761506806		0.9868008730447188		0.8753503412286419		0.924045263116507		10		0		0.924045263116507		10
0		13		predict		0		0.9557569722573652		0.8868244870436374		0.7790901585918497		0.8797297470217148		0.8278345053463058		0.9458144687409691		0.9385665529010239		0.8278345053463058		0.9587457636676558		0.8753503412286419		0.924045263116507		10		0
0		14		train		0		0.9881186146431021		0.9475543580519158		0.8951088198660615		0.9475670648572023		0.9477952753535056		0.9473134400250472		0.9473389642316592		0.9477952753535056		0.9878878194960737		0.8807976408847575		0.924045263116507		10		0		0.924045263116507		10
0		14		predict		0		0.960530591911912		0.8911352470860225		0.7857941886462524		0.8857305358948432		0.8438372989114729		0.9384331952605722		0.9320007447600809		0.8438372989114729		0.9604319739063412		0.8807976408847575		0.924045263116507		10		0
0		15		train		0		0.9890741252567808		0.949419352896462		0.8988387252163258		0.9494141751106844		0.9493155674904342		0.9495231386149344		0.949512803218269		0.9493155674904342		0.9889442064022671		0.736795872927426		0.924045263116507		10		0		0.924045263116507		10
0		15		predict		0		0.8990680966690153		0.7654609382525768		0.5674913314499429		0.7151631253381688		0.5888763124939794		0.9420455640111742		0.9104024721694777		0.5888763124939794		0.8968549519622354		0.736795872927426		0.924045263116507		10		0
0		16		train		0		0.9901419085782482		0.9523876901308808		0.9047761067681417		0.9524179148483604		0.9530214677291652		0.9517539106246161		0.9518151259493557		0.9530214677291652		0.9899980094966135		0.9009319307091905		0.924045263116507		10		0		0.924045263116507		10
0		16		predict		0		0.9673271204503653		0.9093716886619786		0.8192061281391636		0.9078227855852546		0.8925681533570947		0.9261752239668626		0.9236079095904407		0.8925681533570947		0.9671434487757775		0.9009319307091905		0.924045263116507		10		0
0		17		train		0		0.991036763094836		0.9546681317688851		0.9093368521597425		0.9546939782526283		0.9552371806257582		0.954099081198897		0.9541513933201223		0.9552371806257582		0.9908818994283922		0.8129619685942915		0.924045263116507		10		0		0.924045263116507		10
0		17		predict		0		0.9180665519652498		0.8345595318370099		0.6833616025417496		0.8158601880331571		0.7330098256430017		0.9361092380310182		0.9198259319139934		0.7330098256430017		0.9263532870635006		0.8129619685942915		0.924045263116507		10		0
0		18		train		0		0.9920100537332546		0.9572104855158088		0.91442183626408		0.9572399643202574		0.9578984444852532		0.9565225244752719		0.9565823888404533		0.9578984444852532		0.9918675354522507		0.9133545040496172		0.924045263116507		10		0		0.924045263116507		10
0		18		predict		0		0.9742435881017242		0.9199980734033331		0.8403412988650258		0.9188350558283856		0.9056690106926115		0.9343271361140545		0.9323895472802103		0.9056690106926115		0.9730777974750601		0.9133545040496172		0.924045263116507		10		0
0		19		train		0		0.9928347967873037		0.9598010070069015		0.9196035340523634		0.9598375817730658		0.9607102323187015		0.9588917789578892		0.9589665151137248		0.9607102323187015		0.9926966745484868		0.8748667949104327		0.924045263116507		10		0		0.924045263116507		10
0		19		predict		0		0.9573272824838308		0.8860598689914266		0.7760475719538347		0.8800324562126389		0.8358178402851363		0.936301897697717		0.9291862441936736		0.8358178402851363		0.9576258970952032		0.8748667949104327		0.924045263116507		10		0
0		20		train		0		0.9936108747416343		0.9620483333207897		0.9240992075612995		0.9620928396917874		0.963220972204243		0.9608756909071204		0.9609673466445614		0.963220972204243		0.9935094433025217		0.7667850679423023		0.924045263116507		10		0		0.924045263116507		10
0		20		predict		0		0.9072824478990246		0.7920178691840863		0.6132245646066118		0.7546153900794863		0.6395939697524323		0.9444417686157403		0.9200776012887357		0.6395939697524323		0.9097101109043392		0.7667850679423023		0.924045263116507		10		0
0		21		train		0		0.9942726779004163		0.964047294703806		0.9280960781284666		0.9640795198370984		0.9649429664662691		0.9631516202449334		0.9632176170785652		0.9649429664662691		0.9941828145264393		0.612522527511335		0.924045263116507		10		0		0.924045263116507		10
0		21		predict		0		0.8433706052245169		0.6666746941527791		0.4126758504495018		0.5273689602185418		0.37192948656198827		0.96141990174357		0.9060190073917634		0.37192948656198827		0.8419625249390496		0.612522527511335		0.924045263116507		10		0
0		22		train		0		0.9949197941097154		0.9662449480315197		0.9324922537574921		0.9662829108109693		0.9673694129263968		0.9651204797514541		0.9651988465697465		0.9673694129263968		0.9948383015286983		0.8845485459605036		0.924045263116507		10		0		0.924045263116507		10
0		22		predict		0		0.9591565074832022		0.8952232443887872		0.7925362956663062		0.891278136303719		0.8589370002889894		0.931509488488585		0.9261500110359512		0.8589370002889894		0.959294974359232		0.8845485459605036		0.924045263116507		10		0
0		23		train		0		0.9955383496080414		0.9684666852313181		0.9369362042133585		0.9685054640742193		0.9696965135637153		0.9672368531965367		0.9673173368569626		0.9696965135637153		0.9954848418393997		0.7996485728643072		0.924045263116507		10		0		0.924045263116507		10
0		23		predict		0		0.9087258808211913		0.8235899720643484		0.6669056339266093		0.79937280464508		0.7028826702629805		0.9442972738657162		0.926570263020048		0.7028826702629805		0.9199754752863192		0.7996485728643072		0.924045263116507		10		0
0		0		train		1		0.9557672118112928		0.8913638375184015		0.7827675785710119		0.8919095402126704		0.8964124116047963		0.8863152634320068		0.8874516804906908		0.8964124116047963		0.9525564895824631		0.5498785963831465		0.5498785963831465		0		0		0.924045263116507		10
0		0		predict		1		0.8071662737645888		0.6239621903127728		0.3398850796427654		0.42850084181245884		0.2819453809844909		0.9659831179934254		0.8923399390243902		0.2819453809844909		0.8076011181708366		0.5498785963831465		0.924045263116507		10		0
0		1		train		1		0.9690559542164283		0.9118561713324081		0.8237127345034473		0.9118131628168946		0.9113684736567993		0.9123438690080169		0.912258286148218		0.9113684736567993		0.9674737359958859		0.8438858039450613		0.8438858039450613		1		0		0.924045263116507		10
0		1		predict		1		0.9450154213888167		0.8585929739004786		0.721796042376418		0.8501387781145319		0.8021746459878625		0.9150119811672908		0.9042034827693853		0.8021746459878625		0.9446428036128175		0.8438858039450613		0.924045263116507		10		0
0		2		train		1		0.9730808232901279		0.9188389784841031		0.8376796660576964		0.9187569216860663		0.9178289626188763		0.91984899434933		0.919686759054244		0.9178289626188763		0.9719084417929045		0.853314837448503		0.853314837448503		2		0		0.924045263116507		10
0		2		predict		1		0.9434267692776099		0.8681959119780849		0.7422783316715966		0.8593583368667207		0.8053535304883922		0.9310390501764061		0.9211265665886241		0.8053535304883922		0.9461618706121226		0.853314837448503		0.924045263116507		10		0
0		3		train		1		0.9754983641695146		0.9224048914270576		0.844811470719246		0.9223272591391661		0.9214054122400075		0.9234043706141077		0.9232509524628291		0.9214054122400075		0.9747272650025256		0.7855648763393693		0.853314837448503		2		0		0.924045263116507		10
0		3		predict		1		0.9116404862251674		0.8093801739968091		0.639183238717152		0.7820556064183491		0.6840020229265004		0.9347598347923465		0.9129260884238947		0.6840020229265004		0.916272813914668		0.7855648763393693		0.924045263116507		10		0
0		4		train		1		0.9771821471440774		0.9258217856357982		0.8516453662918018		0.9257455579932014		0.9247952121334365		0.9268483591381599		0.9266978590670637		0.9247952121334365		0.976411629945143		0.7877556333864532		0.853314837448503		2		0		0.924045263116507		10
0		4		predict		1		0.9180037712653599		0.8100364249375357		0.639168924346507		0.7838134129964097		0.6887342259897891		0.9313400845304466		0.9093481717011129		0.6887342259897891		0.9189531123282225		0.7877556333864532		0.924045263116507		10		0
0		5		train		1		0.9787478082615966		0.9286937830588278		0.8573896593249428		0.9286149135338119		0.9275889370900103		0.9297986290276452		0.9296431620901584		0.9275889370900103		0.978096265261879		0.7371442631562823		0.853314837448503		2		0		0.924045263116507		10
0		5		predict		1		0.9116032579814003		0.7626418615852374		0.5659985997251581		0.7083333333333334		0.5764377227627396		0.9488482425614411		0.918495778971604		0.5764377227627396		0.9081138163042052		0.7371442631562823		0.924045263116507		10		0
0		6		train		1		0.9799352140424181		0.9307680034199047		0.8615362999400177		0.9307394378922769		0.9303555677312726		0.9311804391085368		0.9311236249581951		0.9303555677312726		0.9794387549783816		0.8859642862340874		0.8859642862340874		6		0		0.924045263116507		10
0		6		predict		1		0.9562597020507246		0.8972997381016888		0.7978336698842351		0.8924640348997014		0.8523263654753878		0.942273652269197		0.9365688427849375		0.8523263654753878		0.9609616015875809		0.8859642862340874		0.924045263116507		10		0
0		7		train		1		0.9810407644228134		0.9328768442949908		0.8657549321118374		0.9328199125316555		0.9320293943216336		0.9337242942683481		0.9336117728657157		0.9320293943216336		0.9806148919810073		0.8676388066997456		0.8859642862340874		6		0		0.924045263116507		10
0		7		predict		1		0.9494173268242853		0.880767030916042		0.7675462200045718		0.8728246490540835		0.818309893073885		0.9432249208279649		0.9351212262982634		0.818309893073885		0.9549228430961783		0.8676388066997456		0.924045263116507		10		0
0		8		train		1		0.98201565061997		0.9345958280775379		0.8691923022070024		0.9345559319276864		0.933986205983027		0.9352054501720489		0.9351263533553568		0.933986205983027		0.981679813556241		0.894384778948969		0.894384778948969		8		0		0.924045263116507		10
0		8		predict		1		0.9627723889097021		0.9040669496372558		0.8100067350930085		0.9006930421559094		0.8700871784991812		0.9380471299384686		0.9335305668957676		0.8700871784991812		0.9655151781769019		0.894384778948969		0.924045263116507		10		0
0		9		train		1		0.9829542893746555		0.9364337257995081		0.8728690016267516		0.9363737720725608		0.9354914457225603		0.937376005876456		0.9372577643592009		0.9354914457225603		0.982620816489433		0.8704334343561547		0.894384778948969		8		0		0.924045263116507		10
0		9		predict		1		0.9604367727248809		0.8808573406785274		0.7669896038770679		0.8734500201441425		0.8223196223870533		0.9393957638445699		0.9313603818615752		0.8223196223870533		0.9595535295371425		0.8704334343561547		0.924045263116507		10		0
0		10		train		1		0.9838991220508686		0.9379419760185205		0.8758850418483255		0.9378929893857089		0.937153230395005		0.938730721642036		0.9386339171835284		0.937153230395005		0.9836560451932813		0.7933692628021181		0.894384778948969		8		0		0.924045263116507		10
0		10		predict		1		0.9187058715491927		0.8148348836509227		0.6540733074898046		0.785862988518552		0.6795347269049224		0.9501366695967344		0.9316384647131655		0.6795347269049224		0.9255279309551151		0.7933692628021181		0.924045263116507		10		0
0		11		train		1		0.984743976992057		0.9401035002844903		0.8802073360148196		0.9400773428746974		0.9396669807600256		0.940540019808955		0.9404880635645695		0.9396669807600256		0.984484982456824		0.8327593203445469		0.894384778948969		8		0		0.924045263116507		10
0		11		predict		1		0.9447889148588398		0.8470092416990277		0.7106836959558849		0.8285554288644353		0.7393675946440613		0.9546521849073416		0.9422117878132241		0.7393675946440613		0.947417686357291		0.8327593203445469		0.924045263116507		10		0
0		12		train		1		0.9856801428292561		0.9418059264299025		0.883612363176396		0.9417746378328556		0.941268555842889		0.9423432970169159		0.9422812643151626		0.941268555842889		0.9854535730952116		0.8622969299752823		0.894384778948969		8		0		0.924045263116507		10
0		12		predict		1		0.9493498028119716		0.8754206929769108		0.7584952916048597		0.8659219325073868		0.8045708505924285		0.9462713884908546		0.937401795735129		0.8045708505924285		0.9545250739471269		0.8622969299752823		0.924045263116507		10		0
0		13		train		1		0.9865703852304647		0.9439313249421235		0.8878626503710717		0.9439303965619755		0.9439147673049887		0.9439478825792584		0.9439460263365467		0.9439147673049887		0.9863210343651618		0.8655731808000423		0.894384778948969		8		0		0.924045263116507		10
0		13		predict		1		0.953731396330658		0.877696498991541		0.7612064340171281		0.8696583938608423		0.816022059531837		0.9393716810962467		0.9308417119938465		0.816022059531837		0.9555845654241457		0.8655731808000423		0.924045263116507		10		0
0		14		train		1		0.9874324351044177		0.9455885938953497		0.8911771888245205		0.9455899042991622		0.9456126777311823		0.9455645100595171		0.9455671319640325		0.9456126777311823		0.9872241090538347		0.9162277540519325		0.9162277540519325		14		0		0.924045263116507		10
0		14		predict		1		0.9759506190483679		0.9224299346759385		0.8451767981404172		0.9213536643430064		0.9087395241306232		0.9361205100726094		0.9343229256939114		0.9087395241306232		0.9744557543341461		0.9162277540519325		0.924045263116507		10		0
0		15		train		1		0.9883886983910317		0.948019556074696		0.8960393930030048		0.9480401258484311		0.9484154341261932		0.9476236780231988		0.9476651144882022		0.9484154341261932		0.9881645038050614		0.9357257643915199		0.9357257643915199		15		1		0.9357257643915199		15
0		15		predict		1		0.9840328789042915		0.9396128721514796		0.8792877107429606		0.9399695957673478		0.9455495616992583		0.9336761111178008		0.9344551015065331		0.9455495616992583		0.9824535929298605		0.9357257643915199		0.9357257643915199		15		1
0		16		train		1		0.9892275034668657		0.9499447577015592		0.8998900092466661		0.9499709640827207		0.9504685811309167		0.9494209342722015		0.9494738678158673		0.9504685811309167		0.989068426258669		0.8864522814716447		0.9357257643915199		15		1		0.9357257643915199		15
0		16		predict		1		0.959302181755137		0.896998705560071		0.797757944345785		0.8917502942255856		0.8485092958289182		0.9454886991703493		0.9396351708136651		0.8485092958289182		0.9628257917706606		0.8864522814716447		0.9357257643915199		15		1
0		17		train		1		0.9900978076598674		0.9519572632333152		0.9039150543743224		0.9519832105971822		0.9524976442998077		0.9514168821668227		0.9514693322747886		0.9524976442998077		0.9899372053349956		0.9418487678557077		0.9418487678557077		17		1		0.9418487678557077		17
0		17		predict		1		0.9859334690565513		0.9452120774255697		0.890561022266913		0.9456885026737967		0.9539784221173297		0.9364456271749733		0.9375414181577203		0.9539784221173297		0.9843034000048809		0.9418487678557077		0.9418487678557077		17		1
0		18		train		1		0.9909387370363414		0.9539878316419456		0.9079760536007122		0.9540091536348235		0.9544514454817219		0.9535242178021693		0.9535672715132594		0.9544514454817219		0.9908647090132036		0.9232396786829986		0.9418487678557077		17		1		0.9418487678557077		17
0		18		predict		1		0.979481517640166		0.9284927300641199		0.8571127274352024		0.927871739592506		0.9198776611116463		0.9371079027538622		0.9360059791465013		0.9198776611116463		0.9775463949528254		0.9232396786829986		0.9418487678557077		17		1
0		19		train		1		0.9916644526914739		0.9561237668323433		0.9122493398331433		0.9561673786892468		0.9571187303001749		0.9551288033645119		0.9552179164388254		0.9571187303001749		0.9915460092483281		0.9292335662802494		0.9418487678557077		17		1		0.9418487678557077		17
0		19		predict		1		0.9805354699131535		0.9340437701315513		0.8681046184551197		0.9342504066211731		0.9371809074270302		0.9309065950606283		0.9313381756392921		0.9371809074270302		0.9782611558046536		0.9292335662802494		0.9418487678557077		17		1
0		20		train		1		0.9924089955006172		0.9581769138370668		0.916355523211896		0.9582171026414129		0.9591387620306286		0.957215065643505		0.9572972128408831		0.9591387620306286		0.9923409407751335		0.918407030881611		0.9418487678557077		17		1		0.9418487678557077		17
0		20		predict		1		0.9787562017383222		0.9239350973840272		0.8485250430807837		0.9224117813233108		0.9042963105673827		0.9435741206786519		0.9412678916100569		0.9042963105673827		0.9768354626111373		0.918407030881611		0.9418487678557077		17		1
0		21		train		1		0.9932737942600013		0.9605973393382364		0.9211959552444109		0.9606301107386235		0.9614297369141983		0.9597649417622744		0.9598318135643141		0.9614297369141983		0.9931728180779085		0.9427592307378456		0.9427592307378456		21		1		0.9427592307378456		21
0		21		predict		1		0.985665982735328		0.9462717119720642		0.892581189169317		0.9465180390746735		0.950871784991812		0.941671583561116		0.9422039803369446		0.950871784991812		0.9834914750363447		0.9427592307378456		0.9427592307378456		21		1
0		22		train		1		0.9938830224317956		0.9624156689435927		0.924833304353051		0.9624543818258098		0.963446758165173		0.9613845797220123		0.961464047732066		0.963446758165173		0.9938128303443574		0.9443052871397215		0.9443052871397215		22		1		0.9443052871397215		22
0		22		predict		1		0.9861053458693801		0.9474276769318764		0.895377562927615		0.9483105628300145		0.9645024564107504		0.9303526918491938		0.9326533463741791		0.9645024564107504		0.983449865429474		0.9443052871397215		0.9443052871397215		22		1
0		23		train		1		0.9944018215180584		0.9640458435815072		0.9280944057687899		0.9640893031646997		0.965256056332092		0.9628356308309225		0.9629253672175556		0.965256056332092		0.9943530355570553		0.9333883785394628		0.9443052871397215		22		1		0.9443052871397215		22
0		23		predict		1		0.9819023653182942		0.9379331105692525		0.8758694951428969		0.9378485431274077		0.9365668047394278		0.939299432851277		0.9391337945690102		0.9365668047394278		0.9786753669722094		0.9333883785394628		0.9443052871397215		22		1
0		24		train		1		0.9949228095195248		0.9657588064050961		0.9315202874199422		0.965799784106251		0.9669569772377646		0.9645606355724277		0.9646453573756115		0.9669569772377646		0.9948732771826461		0.917993778593756		0.9443052871397215		22		1		0.9443052871397215		22
0		24		predict		1		0.9766352613115703		0.9239411180348596		0.8479535559886043		0.9234451790399894		0.917457374048743		0.9304249400941635		0.9295116565614668		0.917457374048743		0.9739704966956271		0.917993778593756		0.9443052871397215		22		1
0		0		train		2		0.9560603187838527		0.8924340629732097		0.7849040265926013		0.8929460108490646		0.8972162096257071		0.8876519163207124		0.8887162665871478		0.8972162096257071		0.9527903623176137		0.8116804779948318		0.8116804779948318		0		1		0.9443052871397215		22
0		0		predict		2		0.925167084969962		0.831885366808152		0.6692605356380832		0.82040892456313		0.7679775551488296		0.8957939480053464		0.880524070520343		0.7679775551488296		0.9227490706925835		0.8116804779948318		0.9443052871397215		22		1
0		1		train		2		0.9692301752949775		0.9124010681181192		0.8248040097596262		0.9123076134880763		0.9113353583825295		0.9134667778537088		0.9132819453034257		0.9113353583825295		0.9676305153414928		0.8363435073130191		0.8363435073130191		1		1		0.9443052871397215		22
0		1		predict		2		0.9425327592305941		0.8515969776332821		0.7130542744669358		0.8381900179212646		0.768736152586456		0.934458800438306		0.9214404272208991		0.768736152586456		0.9401661512004906		0.8363435073130191		0.9443052871397215		22		1
0		2		train		2		0.9731646011630122		0.9186734021127545		0.8373475222277278		0.9186201162505215		0.9180186228260575		0.9193281813994515		0.9192223983987363		0.9180186228260575		0.9721135014908534		0.8598889242278696		0.8598889242278696		2		1		0.9443052871397215		22
0		2		predict		2		0.9506964358154211		0.8729401848339805		0.7499501706630519		0.8659689055990245		0.8209228398034871		0.9249581562247884		0.9162455649930115		0.8209228398034871		0.9485140552376309		0.8598889242278696		0.9443052871397215		22		1
0		3		train		2		0.975460014136788		0.922713465573662		0.8454280524240793		0.9226504771732663		0.9218991308745744		0.9235278002727494		0.9234030491629276		0.9218991308745744		0.9746052265556565		0.9041238332469341		0.9041238332469341		3		1		0.9443052871397215		22
0		3		predict		2		0.9704064078584962		0.9110328426502905		0.8225389878799553		0.9125170945989948		0.9279934495713322		0.8940720315002348		0.8975484772608164		0.9279934495713322		0.9693667996830461		0.9041238332469341		0.9443052871397215		22		1
0		4		train		2		0.9772043754330773		0.9257405026898634		0.8514813209881742		0.9257085203144295		0.9253100041243569		0.92617100125537		0.9261073799214793		0.9253100041243569		0.9765108594062443		0.7740526037585556		0.9041238332469341		3		1		0.9443052871397215		22
0		4		predict		2		0.9139224776389473		0.7980192058761552		0.6127195316553132		0.7715491998638065		0.6821476736345247		0.9138921333702602		0.8879188740164885		0.6821476736345247		0.9134394999303166		0.7740526037585556		0.9443052871397215		22		1
0		5		train		2		0.9786228595965385		0.9284123032275351		0.8568266698858392		0.9283336623383669		0.9273149834574153		0.9295096229976548		0.9293545817694694		0.9273149834574153		0.9779576344599267		0.8721714460542811		0.9041238332469341		3		1		0.9443052871397215		22
0		5		predict		2		0.9558761867920551		0.8837954182847165		0.7702797999190515		0.8787343792213013		0.8420551969945091		0.925536142184546		0.9187545161926033		0.8420551969945091		0.9561942172802204		0.8721714460542811		0.9443052871397215		22		1
0		6		train		2		0.9798011847858146		0.9305422174589747		0.8610855309913893		0.930486761391711		0.9297444403970221		0.9313399945209273		0.9312302686925399		0.9297444403970221		0.9793796542883287		0.7937822823079005		0.9041238332469341		3		1		0.9443052871397215		22
0		6		predict		2		0.9184596956386726		0.8159125801499142		0.6472426244555898		0.7935142289874255		0.707434254888739		0.9243922116391923		0.9034445640473627		0.707434254888739		0.9156733427639497		0.7937822823079005		0.9443052871397215		22		1
0		7		train		2		0.9811124637995672		0.9330213473099861		0.8660434857974694		0.932976048995552		0.9323454946669356		0.9336971999530366		0.9336074568014373		0.9323454946669356		0.9806814785611964		0.9141310359096777		0.9141310359096777		7		1		0.9443052871397215		22
0		7		predict		2		0.9737967130254623		0.9209247719678497		0.842946857335625		0.9188558013097738		0.8954219246700703		0.9464279263549557		0.943549205704715		0.8954219246700703		0.9747664227752323		0.9141310359096777		0.9443052871397215		22		1
0		8		train		2		0.9821065110492903		0.9348667712306539		0.8697354352208887		0.9347987577845651		0.9338236400911574		0.9359099023701505		0.9357759140822975		0.9338236400911574		0.9817167806034696		0.8515869923392991		0.9141310359096777		7		1		0.9443052871397215		22
0		8		predict		2		0.9503715838326587		0.8645835214786718		0.7383859496458761		0.8530069143999894		0.7858226567768037		0.943345334569581		0.9327530514821485		0.7858226567768037		0.9519748972117229		0.8515869923392991		0.9443052871397215		22		1
0		9		train		2		0.9829910250991293		0.936608333609294		0.8732170474841835		0.9365787397068834		0.9361417092900386		0.9370749579285493		0.9370161783627581		0.9361417092900386		0.9826627022303095		0.781810801346809		0.9141310359096777		7		1		0.9443052871397215		22
0		9		predict		2		0.9054134295246772		0.8068213973930581		0.6404707428519847		0.7745376356175164		0.6636282631731047		0.9500162558551182		0.9299574784017278		0.6636282631731047		0.9160892032817017		0.781810801346809		0.9443052871397215		22		1
0		10		train		2		0.9840702487357449		0.93855611383225		0.8771126552712156		0.9385257628558261		0.9380623951976831		0.939049832466817		0.9389895885127092		0.9380623951976831		0.9838110632033994		0.7868450005798673		0.9141310359096777		7		1		0.9443052871397215		22
0		10		predict		2		0.9110767806206401		0.810463891146633		0.6451106318595633		0.780728698692633		0.6748506887583084		0.9460787265042687		0.9260115988962874		0.6748506887583084		0.9190226985308906		0.7868450005798673		0.9443052871397215		22		1
0		11		train		2		0.9849146917415306		0.9401667203535508		0.880333670486559		0.9401450973188015		0.9398054628160627		0.9405279778910387		0.9404849773900155		0.9398054628160627		0.9846643989233752		0.886953895658486		0.9141310359096777		7		1		0.9443052871397215		22
0		11		predict		2		0.959040522917894		0.8975526054366477		0.7989391093404898		0.8922833449389124		0.8486297081206049		0.9464760918516021		0.940671631830437		0.8486297081206049		0.9629832890026724		0.886953895658486		0.9443052871397215		22		1
0		12		train		2		0.9858512867519331		0.9422755612286369		0.8845511263092861		0.9422728675402482		0.9422288987967113		0.9423222236605624		0.942316840387545		0.9422288987967113		0.9856503036268451		0.817202565885244		0.9141310359096777		7		1		0.9443052871397215		22
0		12		predict		2		0.9228828812538152		0.8374002829705891		0.6902223475354102		0.8183047517811611		0.73229939312205		0.9425024383782677		0.927200378100654		0.73229939312205		0.9314242857056186		0.817202565885244		0.9443052871397215		22		1
0		13		train		2		0.9869136299323594		0.9444686955291369		0.8889374236868081		0.9444611715964929		0.9443332239525789		0.944604167105695		0.9445891539163402		0.9443332239525789		0.9867790813939513		0.8556322150744762		0.9141310359096777		7		1		0.9443052871397215		22
0		13		predict		2		0.9490747547461432		0.8690508443962792		0.7445666884896062		0.8598365726658762		0.8033065215297177		0.9347959589148314		0.924925133096717		0.8033065215297177		0.9503386658222523		0.8556322150744762		0.9443052871397215		22		1
0		14		train		2		0.9878434194735495		0.9462779936960559		0.8925560600171653		0.9462888273537202		0.9464796958211534		0.9460762915709585		0.9460980358523895		0.9464796958211534		0.9876840178850678		0.9252240246054203		0.9252240246054203		14		1		0.9443052871397215		22
0		14		predict		2		0.9793256335492575		0.9305397513471206		0.8613187011455516		0.9297120123797513		0.9187578267989597		0.9423218177658435		0.9409305594948885		0.9187578267989597		0.9784693067272183		0.9252240246054203		0.9443052871397215		22		1
0		15		train		2		0.9887563933271849		0.9487932493008161		0.8975865434448005		0.9488013412576699		0.9489512994734671		0.9486351991281652		0.9486514304287373		0.9489512994734671		0.9885773936982396		0.8781324942810343		0.9252240246054203		14		1		0.9443052871397215		22
0		15		predict		2		0.9583958981277568		0.8888708269363919		0.7836399179143043		0.8816233341456844		0.827641845679607		0.9501005454742495		0.9431378468124811		0.827641845679607		0.9605068237847784		0.8781324942810343		0.9443052871397215		22		1
0		16		train		2		0.989732598175311		0.9509818678820976		0.9019642625325789		0.9510083420464718		0.95152224894859		0.9504414868156051		0.9504949899558539		0.95152224894859		0.9896246022139964		0.8866784340335573		0.9252240246054203		14		1		0.9443052871397215		22
0		16		predict		2		0.9680846665561325		0.8949095397212439		0.7954351047552495		0.8882844251016033		0.8356010981601002		0.9542186954375234		0.9480579805183272		0.8356010981601002		0.9681944052442187		0.8866784340335573		0.9443052871397215		22		1
0		17		train		2		0.9905506737127863		0.9529130904679188		0.9058267428759939		0.9529393003929497		0.9534700291715461		0.9523561517642914		0.9524091621233945		0.9534700291715461		0.9904280394269953		0.8483360573270511		0.9252240246054203		14		1		0.9443052871397215		22
0		17		predict		2		0.9414586618552084		0.8636683825521538		0.7354588422473188		0.8527583426535229		0.7895674790482613		0.9377701783327513		0.9269437376307605		0.7895674790482613		0.9466694433581325		0.8483360573270511		0.9443052871397215		22		1
0		18		train		2		0.9914584910623233		0.9553244845306512		0.9106509223688165		0.9553707028512829		0.9563600894714501		0.9542888795898523		0.9543833612228528		0.9563600894714501		0.9913730478848005		0.8953062021664009		0.9252240246054203		14		1		0.9443052871397215		22
0		18		predict		2		0.9661795192030903		0.9040729702880882		0.811367396772202		0.8996049224022231		0.8595631442057605		0.9485833323298855		0.9435595796708743		0.8595631442057605		0.967228837486345		0.8953062021664009		0.9443052871397215		22		1
0		19		train		2		0.9923243825052295		0.9576576061269279		0.9153167054456356		0.957695812893077		0.9585607499706478		0.9567544622832078		0.9568324353237793		0.9585607499706478		0.9922341565675032		0.763441700127854		0.9252240246054203		14		1		0.9443052871397215		22
0		19		predict		2		0.8897163547456428		0.7933712634335772		0.6101633702351739		0.7605158120970217		0.6561747423176958		0.930569436584103		0.9043146365748423		0.6561747423176958		0.8986556917501854		0.763441700127854		0.9443052871397215		22		1
0		0		train		3		0.9507694361233052		0.8836871148467816		0.7675079340103923		0.8847625666248102		0.8930196012318882		0.8743546284616751		0.8766568254559318		0.8930196012318882		0.9470944016965529		0.7170736867743619		0.7170736867743619		0		1		0.9443052871397215		22
0		0		predict		3		0.888071840549745		0.7498780818206449		0.5336432609266287		0.6967015638004292		0.5745472497832579		0.9252110250821823		0.8848236472202649		0.5745472497832579		0.880135972682665		0.7170736867743619		0.9443052871397215		22		1
0		1		train		3		0.967954787629886		0.9094884292221223		0.8189773156667229		0.9094405831369212		0.9089600900735461		0.9100167683706984		0.9099215844639595		0.9089600900735461		0.9662137802291798		0.7912158759033991		0.7912158759033991		1		1		0.9443052871397215		22
0		1		predict		3		0.9103539079949258		0.8155694030524699		0.6414764412190663		0.7974637513471342		0.7261704074751951		0.9049694751165003		0.8842798281499729		0.7261704074751951		0.9084642908149192		0.7912158759033991		0.9443052871397215		22		1
0		2		train		3		0.9723210878565276		0.916933344973854		0.8338675282109863		0.916874411598569		0.9162243770565338		0.9176423128911742		0.9175253691566526		0.9162243770565338		0.9711708315382638		0.8911722756200805		0.8911722756200805		2		1		0.9443052871397215		22
0		2		predict		3		0.9644190846694624		0.9003642493753575		0.8011173225395573		0.8987884458959446		0.8847895193141316		0.9159391669777355		0.9132374690844012		0.8847895193141316		0.9632812012172188		0.8911722756200805		0.9443052871397215		22		1
0		3		train		3		0.9749420018854354		0.9215694833716166		0.8431424659297083		0.9214563400960825		0.9201289689408833		0.9230099978023499		0.9227875464953383		0.9201289689408833		0.9740986766338321		0.8199551678511049		0.8911722756200805		2		1		0.9443052871397215		22
0		3		predict		3		0.9296842836486698		0.8387368674553719		0.6882390541860942		0.8231604661142838		0.7506502263751084		0.9268245692198394		0.9111770466404548		0.7506502263751084		0.9321406925113606		0.8199551678511049		0.9443052871397215		22		1
0		4		train		3		0.9768269206299942		0.9247048977490645		0.8494108203445787		0.9246463703056506		0.9239281940434653		0.9254816014546637		0.9253656639238732		0.9239281940434653		0.9761396850486667		0.7950444479132321		0.8911722756200805		2		1		0.9443052871397215		22
0		4		predict		3		0.9155880681544375		0.817809085162106		0.6511764208707822		0.7956042174656031		0.709168191889028		0.9264512866208292		0.9060351060720274		0.709168191889028		0.919165051321151		0.7950444479132321		0.9443052871397215		22		1
0		5		train		3		0.9783292294993235		0.9276401152411544		0.8552829521800357		0.9275487258631396		0.9263787243394256		0.9289015061428834		0.9287216865106313		0.9263787243394256		0.9778305925171334		0.9075995772462195		0.9075995772462195		5		1		0.9443052871397215		22
0		5		predict		3		0.9723045841681945		0.9147957494205123		0.8303058203657996		0.9129921550303716		0.8940612657740102		0.9355304827386901		0.9327420732626501		0.8940612657740102		0.9717098612511154		0.9075995772462195		0.9443052871397215		22		1
0		6		train		3		0.9795561156032573		0.9298738910146219		0.8597501039573621		0.9297923065098994		0.9287118459357022		0.9310359360935416		0.9308752840214725		0.9287118459357022		0.9790587917005666		0.9141544244322675		0.9141544244322675		6		1		0.9443052871397215		22
0		6		predict		3		0.9756104962635624		0.9204130166470995		0.8410012383034841		0.9195929465149238		0.9102085540892014		0.9306176020807495		0.9291728639386377		0.9102085540892014		0.974657295926857		0.9141544244322675		0.9443052871397215		22		1
0		7		train		3		0.9807055188489195		0.9318517760323687		0.8637052880891181		0.9317833895853423		0.9308492863658395		0.9328542656988978		0.93271936942508		0.9308492863658395		0.9802929408722133		0.9208105879094112		0.9208105879094112		7		1		0.9443052871397215		22
0		7		predict		3		0.9778242455874646		0.9263373370661369		0.8526760819821726		0.9264046870018707		0.9272468933628745		0.9254277698170915		0.9255640091828027		0.9272468933628745		0.9765143855498651		0.9208105879094112		0.9443052871397215		22		1
0		8		train		3		0.9817705650288754		0.9340870570455756		0.8681747094075263		0.9340484398839082		0.9335015187868972		0.9346725953042541		0.9345960022183107		0.9335015187868972		0.9815220403334972		0.7637509912007884		0.9208105879094112		7		1		0.9443052871397215		22
0		8		predict		3		0.9217121710913466		0.7853276739215509		0.6061912345063628		0.7417728852838934		0.6166554281861092		0.9540019507026142		0.9305858409652565		0.6166554281861092		0.9214328928253954		0.7637509912007884		0.9443052871397215		22		1
0		9		train		3		0.9826225551054171		0.9354176889753231		0.8708357075401274		0.9353895825207775		0.9349826746905979		0.9358527032600482		0.9357968446806716		0.9349826746905979		0.9822933511941893		0.8902537979219137		0.9208105879094112		7		1		0.9443052871397215		22
0		9		predict		3		0.9610380276600536		0.9002980222162016		0.8046247678095239		0.8950543740018758		0.850327521433388		0.9502691247125122		0.9447476855568042		0.850327521433388		0.9648392895779313		0.8902537979219137		0.9443052871397215		22		1
0		10		train		3		0.983538853625091		0.937263112895991		0.8745265522130798		0.9372359986085573		0.9368311090907449		0.937695116701237		0.9376412382565098		0.9368311090907449		0.9832403108523559		0.794040466867003		0.9208105879094112		7		1		0.9443052871397215		22
0		10		predict		3		0.926309966636346		0.8138535175652488		0.6497330365127398		0.7862653467536777		0.6847726615932954		0.942935927848086		0.9230781716660174		0.6847726615932954		0.9275302436178667		0.794040466867003		0.9443052871397215		22		1
0		11		train		3		0.9845179348748709		0.9391281049332727		0.8782571344738885		0.9390839087523952		0.9384025793788177		0.9398536304877277		0.9397662282063728		0.9384025793788177		0.9843718008847642		0.8544188232896461		0.9208105879094112		7		1		0.9443052871397215		22
0		11		predict		3		0.9524863569844616		0.8667629970799844		0.743510249271675		0.8549156898224636		0.7851001830266834		0.9484267944657845		0.9383599101951529		0.7851001830266834		0.9530230454622373		0.8544188232896461		0.9443052871397215		22		1
0		12		train		3		0.9855465439059181		0.9411631890611217		0.882326388117884		0.9411587605525249		0.9410879270741451		0.9412384510480984		0.9412296046946462		0.9410879270741451		0.9854251593140877		0.9285913626054192		0.9285913626054192		12		1		0.9443052871397215		22
0		12		predict		3		0.9812908055169751		0.9329901562358891		0.866257287070677		0.9338272015981356		0.9456338503034389		0.9203463099208882		0.9223117395593555		0.9456338503034389		0.9795779717523002		0.9285913626054192		0.9443052871397215		22		1
0		13		train		3		0.986550730847812		0.9434165329512031		0.8868330789590919		0.9434116777486907		0.9433307342860497		0.9435023316163565		0.9434926351033976		0.9433307342860497		0.9864134375529814		0.9331352283972731		0.9331352283972731		13		1		0.9443052871397215		22
0		13		predict		3		0.9830812476456698		0.9373671693910112		0.8747343786389886		0.9373581179134225		0.9372170311145361		0.9375173094753573		0.93749924719656		0.9372170311145361		0.9812909028176613		0.9331352283972731		0.9443052871397215		22		1
0		14		train		3		0.9874781857772243		0.945371839372857		0.8907437159451698		0.9453797321662387		0.9455163423878521		0.9452273363578617		0.9452431614143961		0.9455163423878521		0.9873523870647918		0.8881143972354809		0.9331352283972731		13		1		0.9443052871397215		22
0		14		predict		3		0.9649563566100434		0.8973178000541858		0.7965146770172439		0.8936687552604506		0.8629948945188325		0.9316411188844871		0.9266034881766584		0.8629948945188325		0.9651102995265971		0.8881143972354809		0.9443052871397215		22		1
0		15		train		3		0.9885873616105922		0.9478344115867334		0.8956696305183716		0.9478694087774824		0.9485057485105652		0.9471630746629015		0.9472339222954792		0.9485057485105652		0.9885166643413409		0.8560099570029115		0.9331352283972731		13		1		0.9443052871397215		22
0		15		predict		3		0.9508087850493927		0.8688039977121527		0.7466668771027889		0.8577601681473116		0.7911569212985261		0.9464520091032789		0.9366081737965246		0.7911569212985261		0.95241482847839		0.8560099570029115		0.9443052871397215		22		1
0		16		train		3		0.989645673755797		0.9503602038696704		0.9007215456286507		0.950399624590524		0.9511549704521439		0.9495654372871968		0.949645477470762		0.9511549704521439		0.9895603313625139		0.7480166458810469		0.9331352283972731		13		1		0.9443052871397215		22
0		16		predict		3		0.8918024200916415		0.777663385411963		0.5903943400687195		0.732206437951864		0.6079134958096523		0.9474153190362085		0.9203872167429311		0.6079134958096523		0.9004187454777599		0.7480166458810469		0.9443052871397215		22		1
0		17		train		3		0.9905723144030438		0.9531042559148396		0.906210416259953		0.9531522780278094		0.9541293241774618		0.9520791876522173		0.9521772308579738		0.9541293241774618		0.9904955873102207		0.9225614632860798		0.9331352283972731		13		1		0.9443052871397215		22
0		17		predict		3		0.9777278078793638		0.9282519040308257		0.8566267724845475		0.9276393687495825		0.9197813312782969		0.9367225787806904		0.9356328315429747		0.9197813312782969		0.9762554928292821		0.9225614632860798		0.9443052871397215		22		1
0		18		train		3		0.9914610099608725		0.9549602165136841		0.9099236116287787		0.9550196625497577		0.9562818170049944		0.9536386160223739		0.9537608354276071		0.9562818170049944		0.9914056063449082		0.8333209329832629		0.9331352283972731		13		1		0.9443052871397215		22
0		18		predict		3		0.9416737395337234		0.8482494957704928		0.7136887188765868		0.8296717777522487		0.7391749349773625		0.9573253699712211		0.94541898322835		0.7391749349773625		0.9467955865001061		0.8333209329832629		0.9443052871397215		22		1
0		0		train		4		0.9549926596019312		0.8903646084192275		0.7807788080998749		0.8909789740887974		0.8959999036701667		0.8847293131682882		0.8860140026671747		0.8959999036701667		0.9516913251539535		0.8704749903458144		0.8704749903458144		0		1		0.9443052871397215		22
0		0		predict		4		0.9542028345866873		0.8825190403082573		0.7669205263283441		0.8782575601599689		0.8475098738079183		0.9175286283670693		0.9113202905493766		0.8475098738079183		0.9542214340868218		0.8704749903458144		0.9443052871397215		22		1
0		1		train		4		0.9690018375621383		0.9115029862248338		0.8230061099162763		0.9114774041241087		0.9112139967247856		0.911791975724882		0.9117409638554217		0.9112139967247856		0.9674033948605921		0.8959718688895582		0.8959718688895582		1		1		0.9443052871397215		22
0		1		predict		4		0.9647997028965787		0.9048556548962943		0.8097341029834918		0.9044980147818678		0.9011053848376842		0.9086059701133093		0.9079162875341219		0.9011053848376842		0.9634704935301042		0.8959718688895582		0.9443052871397215		22		1
0		2		train		4		0.9730120372041042		0.918459806377035		0.8369225627055812		0.9183514141630319		0.9171322608611887		0.9197873518928812		0.9195738130451843		0.9171322608611887		0.9719500846941355		0.7886816079267437		0.8959718688895582		1		1		0.9443052871397215		22
0		2		predict		4		0.912160721567115		0.8121918179355189		0.6453744435938426		0.7849994486104985		0.685711877468452		0.9386732813948728		0.9179078014184398		0.685711877468452		0.9179321363413933		0.7886816079267437		0.9443052871397215		22		1
0		3		train		4		0.9752019610705649		0.9224168553125903		0.8448386941661392		0.9222833863305003		0.9206994750024082		0.9241342356227724		0.9238727567655739		0.9206994750024082		0.9743311297919658		0.7699433041510142		0.8959718688895582		1		1		0.9443052871397215		22
0		3		predict		4		0.8977370008642055		0.797965020018664		0.6124262256291159		0.7716449700920714		0.6827015701762836		0.9132298577913711		0.8872353410637999		0.6827015701762836		0.9007106264528252		0.7699433041510142		0.9443052871397215		22		1
0		4		train		4		0.9768712855926049		0.925129142182834		0.8502612070444521		0.9250308584760208		0.9238181533570947		0.9264401310085734		0.9262467516396485		0.9238181533570947		0.9762624562235106		0.7272517067677606		0.8959718688895582		1		1		0.9443052871397215		22
0		4		predict		4		0.8907862260841342		0.7586742526867154		0.5511120875255068		0.7084342607746862		0.5863596955977266		0.9309908846797597		0.8947029966744446		0.5863596955977266		0.8860561214747551		0.7272517067677606		0.9443052871397215		22		1
0		5		train		4		0.9782053039007472		0.9277932641364031		0.8555892963049483		0.9277013106991449		0.9265214093054619		0.9290651189673442		0.9288842210733762		0.9265214093054619		0.9776071703106008		0.8206014667217487		0.8959718688895582		1		1		0.9443052871397215		22
0		5		predict		4		0.9341581723544997		0.8378277491796863		0.6926514285882702		0.8177685167645387		0.7277478084962913		0.9479090153768348		0.9332036316472114		0.7277478084962913		0.938815788974658		0.8206014667217487		0.9443052871397215		22		1
0		6		train		4		0.9794271319150514		0.929668685579424		0.8593381986394897		0.929619850494711		0.9289748097485792		0.9303625614102687		0.9302657876411912		0.9289748097485792		0.9789334362206971		0.7188310659638626		0.8959718688895582		1		1		0.9443052871397215		22
0		6		predict		4		0.8940345856220562		0.7492097895782535		0.5503412365765666		0.6817386520785741		0.5372073981312012		0.9612147338254241		0.9326643670952232		0.5372073981312012		0.899895319202397		0.7188310659638626		0.9443052871397215		22		1
0		7		train		4		0.9803390353221317		0.9315742100953666		0.8631489469469521		0.9315363913875698		0.9310218187072536		0.9321266014834795		0.9320515331876742		0.9310218187072536		0.979889523892529		0.7839404928335918		0.8959718688895582		1		1		0.9443052871397215		22
0		7		predict		4		0.916931465205323		0.8068394593455552		0.62865534981502		0.7833356969684689		0.6983551680955592		0.9153250568954929		0.8918636300727367		0.6983551680955592		0.9105285584331245		0.7839404928335918		0.9443052871397215		22		1
0		8		train		4		0.9812548665997199		0.9330883946633273		0.8661784423875193		0.9330229685039964		0.9321115499470186		0.9340652393796359		0.933936171175383		0.9321115499470186		0.9808210798639546		0.8017504340113109		0.8959718688895582		1		1		0.9443052871397215		22
0		8		predict		4		0.913957825106718		0.8248833498901231		0.6608264593301347		0.8073341017182677		0.7337925055389655		0.9159752911002204		0.8972584587296446		0.7337925055389655		0.9171797781948426		0.8017504340113109		0.9443052871397215		22		1
0		9		train		4		0.9823583392898353		0.9352287231480589		0.8704591799706312		0.9351640222322332		0.9342308062807051		0.9362266400154128		0.9360991044524009		0.9342308062807051		0.9819592579177637		0.7894171115035773		0.8959718688895582		1		1		0.9443052871397215		22
0		9		predict		4		0.9180630435116395		0.8118004756314158		0.6392644228969602		0.7885405039742939		0.7017989596377998		0.9218033161944441		0.8997483674761103		0.7017989596377998		0.9146868615221794		0.7894171115035773		0.9443052871397215		22		1
0		10		train		4		0.9832582012593221		0.9369009488488584		0.8738028874930363		0.9368534262009628		0.9361483720258164		0.9376535256719006		0.9375595431906709		0.9361483720258164		0.9829067443420489		0.7160956263825252		0.8959718688895582		1		1		0.9443052871397215		22
0		10		predict		4		0.8783210845196974		0.7512387489087571		0.536009399416785		0.6988132726848613		0.5771722377420287		0.9253073560754753		0.8854182059997044		0.5771722377420287		0.8782016792727946		0.7160956263825252		0.9443052871397215		22		1
0		11		train		4		0.9842230471881048		0.9389434423465948		0.8778868890248869		0.9389464748794808		0.9389931124169155		0.9388937722762739		0.9388998419745654		0.9389931124169155		0.9839096713842717		0.8775798361699234		0.8959718688895582		1		1		0.9443052871397215		22
0		11		predict		4		0.9590090711205908		0.8883048857581505		0.7807704416940798		0.8822349461068721		0.8367570561602928		0.9398533360627115		0.9329404183336466		0.8367570561602928		0.9591391392468801		0.8775798361699234		0.9443052871397215		22		1
0		12		train		4		0.9851715477650473		0.9410536677584048		0.8821075676554068		0.9410322776871848		0.9406909257296985		0.941416409787111		0.9413738774698676		0.9406909257296985		0.9848506135618611		0.8027896906383184		0.8959718688895582		1		1		0.9443052871397215		22
0		12		predict		4		0.9304086190357177		0.8210180920557513		0.6663946397494416		0.793337411712363		0.687072536364512		0.9549652606355438		0.9384868421052631		0.687072536364512		0.9330919229882711		0.8027896906383184		0.9443052871397215		22		1
0		13		train		4		0.9861497540937143		0.9429637077352856		0.8859274398924477		0.9429570107751548		0.942846305750891		0.9430811097196802		0.9430677417995026		0.942846305750891		0.9858987062468334		0.5078842622630524		0.8959718688895582		1		1		0.9443052871397215		22
0		13		predict		4		0.7770120068786		0.5986032090068937		0.29854901879314943		0.3573728143735662		0.22322030632887005		0.9739906318109023		0.8956420910232873		0.22322030632887005		0.7733071414879278		0.5078842622630524		0.9443052871397215		22		1
0		14		train		4		0.9868993832819104		0.9448105312590309		0.889621064295667		0.944812275645126		0.9448421394855987		0.9447789230324631		0.9447824136924202		0.9448421394855987		0.9866259242615127		0.8821524474021908		0.8959718688895582		1		1		0.9443052871397215		22
0		14		predict		4		0.9621782569704804		0.8921039164333664		0.7861361049404653		0.8881915112644511		0.8571067334553512		0.9271015208255566		0.9216158477374248		0.8571067334553512		0.9585002504669458		0.8821524474021908		0.9443052871397215		22		1
0		15		train		4		0.987864740639965		0.9469403236682401		0.8938809974155258		0.9469637929945026		0.9473828388401888		0.9464978084962913		0.9465451176891658		0.9473828388401888		0.9876363819860753		0.8101601604075631		0.8959718688895582		1		1		0.9443052871397215		22
0		15		predict		4		0.9308224060666012		0.8286944218670038		0.6728905097936461		0.8082333039030013		0.7219921009536654		0.9353980276229124		0.9178721775736701		0.7219921009536654		0.9299152478396837		0.8101601604075631		0.9443052871397215		22		1
0		16		train		4		0.9890235092537887		0.9496947548405741		0.8993904330050063		0.9497307703877507		0.9504112079761102		0.948978301705038		0.9490513064075895		0.9504112079761102		0.9888189345504036		0.9344767636850431		0.9344767636850431		16		1		0.9443052871397215		22
0		16		predict		4		0.9830151455791755		0.9385712995574822		0.8772569617837369		0.9390636478197771		0.9466453135536076		0.9304971883391333		0.9316024600362607		0.9466453135536076		0.9807158582869245		0.9344767636850431		0.9443052871397215		22		1
0		17		train		4		0.9899465951524705		0.9517387534919565		0.9034780434305638		0.9517650350660252		0.9522836191118389		0.9511938878720739		0.9512470155222911		0.9522836191118389		0.9897326967708655		0.9088736457467885		0.9344767636850431		16		1		0.9443052871397215		22
0		17		predict		4		0.9737525563662773		0.915704867696198		0.8321605895910421		0.9138765693336368		0.8944706675657451		0.9369393235155996		0.9341431823040455		0.8944706675657451		0.971826270277714		0.9088736457467885		0.9443052871397215		22		1
0		18		train		4		0.9908765038612668		0.9543140713804065		0.9086289361886967		0.9543442389929349		0.9549748338310374		0.9536533089297755		0.9537144764017785		0.9549748338310374		0.990637620955707		0.8758581508865806		0.9344767636850431		16		1		0.9443052871397215		22
0		18		predict		4		0.9575029958993431		0.8870104458291941		0.7775677301575143		0.8813514316602706		0.8393097967440516		0.9347116692957		0.9278269550748752		0.8393097967440516		0.9562623316382137		0.8758581508865806		0.9443052871397215		22		1
0		19		train		4		0.9919425571092397		0.9573379250553896		0.9146774329505569		0.9573775717967766		0.9582681100086697		0.9564077401021096		0.9564886872389652		0.9582681100086697		0.9917400825701819		0.9292583258292965		0.9344767636850431		16		1		0.9443052871397215		22
0		19		predict		4		0.9811559002379029		0.9340317288298865		0.8680947446341212		0.9337509296152753		0.9297875927174646		0.9382759160475393		0.9377481996040951		0.9297875927174646		0.9781531527480474		0.9292583258292965		0.9443052871397215		22		1
0		20		train		4		0.9926613927537654		0.9591456145843368		0.9182924469449127		0.9591788547580553		0.9599599027068683		0.9583313264618052		0.9583990767372037		0.9599599027068683		0.9924693894364005		0.8525786435320379		0.9344767636850431		16		1		0.9443052871397215		22
0		20		predict		4		0.936035665492978		0.8692916704295734		0.7443576000164519		0.8606296381891483		0.8071356324053559		0.9314484568979012		0.9217177272977284		0.8071356324053559		0.9416275067033617		0.8525786435320379		0.9443052871397215		22		1
0		21		train		4		0.993570851686242		0.9619843343608515		0.9239706216742671		0.9620233750885249		0.9630123543011271		0.960956314420576		0.9610364250844912		0.9630123543011271		0.993402905080622		0.940808533765807		0.940808533765807		21		1		0.9443052871397215		22
0		21		predict		4		0.9848298662691668		0.9443932689123694		0.8890061767880046		0.9450048230936872		0.9555076582217513		0.9332787457704673		0.9347303696374302		0.9555076582217513		0.9825077330410743		0.940808533765807		0.9443052871397215		22		1
0		22		train		4		0.9942708834673635		0.964549116173779		0.9290998978902074		0.9645826472565198		0.965495857817166		0.9636023745303921		0.9636711625768807		0.965495857817166		0.9941470938007126		0.7403516760296848		0.940808533765807		21		1		0.9443052871397215		22
0		22		predict		4		0.8763634866934819		0.7742436557391854		0.5815457980122927		0.7292537636737788		0.608070031788845		0.9404192806483076		0.9107616282215449		0.608070031788845		0.8884352860987178		0.7403516760296848		0.9443052871397215		22		1
0		23		train		4		0.9949499657509326		0.966748145650708		0.9334997173354447		0.9667931289494411		0.9681027839321839		0.9653935073692322		0.9654870125971203		0.9681027839321839		0.9948179080458966		0.8523061595861051		0.940808533765807		21		1		0.9443052871397215		22
0		23		predict		4		0.9419710307498754		0.8673590415123875		0.7436221810166252		0.8562723850655324		0.7902177054233697		0.9445013064890966		0.9343774471417384		0.7902177054233697		0.9464118643409215		0.8523061595861051		0.9443052871397215		22		1
0		24		train		4		0.9955682835456718		0.9690058761198344		0.9380170266509293		0.9690577582502127		0.9706826172815721		0.9673291349580965		0.9674383299430553		0.9706826172815721		0.9954377715788757		0.8740123366465753		0.940808533765807		21		1		0.9443052871397215		22
0		24		predict		4		0.9573086524295651		0.8852524157861464		0.7736198880043142		0.8798683903662756		0.8404296310567383		0.9300757402434766		0.9231908786688359		0.8404296310567383		0.9565517759599977		0.8740123366465753		0.9443052871397215		22		1
