ACMEindependent1_A01_HLA-A*26:03:(0.9907407407407407, 0.75, 0.5773502691896257, 0.6666666666666666, 0.5, 1.0, 1.0, 0.5, 0.9904475069754999)
ACMEindependent1_A01_HLA-A*32:07:(0.9166666666666667, 0.7222222222222222, 0.4714045207910316, 0.6666666666666667, 0.5555555555555556, 0.8888888888888888, 0.8333333333333334, 0.5555555555555556, 0.9103553467151081)
ACMEindependent1_A01_HLA-A*01:01:(0.9728072018458893, 0.7885577550576462, 0.6348210860000557, 0.7335526315789473, 0.58123370981755, 0.9965141612200435, 0.9940564635958395, 0.58123370981755, 0.9756836159772511)
ACMEindependent1_A01_HLA-A*30:02:(0.967796556122449, 0.8160714285714286, 0.6748257910357244, 0.7770562770562771, 0.6410714285714286, 0.9910714285714286, 0.9862637362637363, 0.6410714285714286, 0.9694071372368447)
ACMEindependent1_A01_HLA-A*32:01:(0.97616793690027, 0.7403043691703486, 0.5564332300520501, 0.6531147540983607, 0.4887144259077527, 0.9921414538310412, 0.9841897233201581, 0.4887144259077527, 0.9735778233744707)
ACMEindependent1_A01_HLA-A*26:01:(0.9840176133650118, 0.7920277296360485, 0.6411376003550199, 0.7379912663755459, 0.58578856152513, 0.9982668977469671, 0.9970501474926253, 0.58578856152513, 0.9868129891555977)
ACMEindependent1_A01_HLA-A*26:02:(0.9837567680133277, 0.8163265306122449, 0.6802106785137816, 0.775, 0.6326530612244898, 1.0, 1.0, 0.6326530612244898, 0.982713748539765)
ACMEindependent1_A01_HLA-A*25:01:(0.9733235938641344, 0.6972972972972973, 0.4907736311805545, 0.5692307692307693, 0.4, 0.9945945945945946, 0.9866666666666667, 0.4, 0.9791878370255751)
ACMEindependent1_A01_HLA-A*80:01:(0.9521604938271605, 0.6666666666666666, 0.4008918628686366, 0.5384615384615385, 0.3888888888888889, 0.9444444444444444, 0.875, 0.3888888888888889, 0.934697470233886)
ACMEindependent1_A01-A03_HLA-A*30:01:(0.9488909008601178, 0.7851063829787234, 0.618464466110911, 0.7335092348284961, 0.5914893617021276, 0.9787234042553191, 0.9652777777777778, 0.5914893617021276, 0.9472020207893384)
ACMEindependent1_A01-A24_HLA-A*29:02:(0.9763103118927642, 0.8602582496413199, 0.7460215376923073, 0.8397499177360974, 0.7312320916905444, 0.9896551724137931, 0.9860896445131375, 0.7312320916905444, 0.9783402737370775)
ACMEindependent1_A02_HLA-A*02:01:(0.9403846239162577, 0.8120889184913829, 0.6616935597666435, 0.7765567765567767, 0.6493377483443709, 0.9767208172835371, 0.9657719773454814, 0.6493377483443709, 0.9451205494834233)
ACMEindependent1_A02_HLA-A*02:16:(0.9960552268244576, 0.9615384615384616, 0.9258200997725515, 0.9600000000000001, 0.9230769230769231, 1.0, 1.0, 0.9230769230769231, 0.9961028696241494)
ACMEindependent1_A02_HLA-A*02:07:(0.9466915676092219, 0.7691846522781774, 0.5957050348585725, 0.7063310450038139, 0.5551558752997602, 0.9832134292565947, 0.9706498951781971, 0.5551558752997602, 0.9381992093391947)
ACMEindependent1_A02_HLA-A*02:05:(0.9742800018491125, 0.9038461538461539, 0.812897146018327, 0.8980891719745223, 0.8473557692307693, 0.9603365384615384, 0.9552845528455285, 0.8473557692307693, 0.965614605264016)
ACMEindependent1_A02_HLA-A*68:02:(0.9266563012870347, 0.7927994121969141, 0.630511748134144, 0.745945945945946, 0.6079295154185022, 0.9779411764705882, 0.965034965034965, 0.6079295154185022, 0.9392559125175376)
ACMEindependent1_A02_HLA-A*02:02:(0.9662264333732078, 0.8547973319651103, 0.7237099366024732, 0.8392958546280523, 0.757172131147541, 0.9527235354573484, 0.9414012738853503, 0.757172131147541, 0.9643150499638834)
ACMEindependent1_A02_HLA-A*02:12:(0.9668716524499107, 0.8661971830985915, 0.7449887315796285, 0.8527131782945736, 0.7746478873239436, 0.9577464788732394, 0.9482758620689655, 0.7746478873239436, 0.9572023436587239)
ACMEindependent1_A02_HLA-A*69:01:(0.9796120483573527, 0.8243801652892562, 0.6863621626857674, 0.7901234567901235, 0.6611570247933884, 0.987603305785124, 0.9815950920245399, 0.6611570247933884, 0.9786571668839339)
ACMEindependent1_A02_HLA-A*02:20:(0.9883418727259226, 0.9328358208955224, 0.8704353265221132, 0.9291338582677166, 0.8805970149253731, 0.9850746268656716, 0.9833333333333333, 0.8805970149253731, 0.9799165363545134)
ACMEindependent1_A02_HLA-A*02:19:(0.9896, 0.9, 0.8058229640253803, 0.8936170212765958, 0.84, 0.96, 0.9545454545454546, 0.84, 0.9892831468334925)
ACMEindependent1_A02_HLA-A*02:11:(0.9674214755295836, 0.9135135135135135, 0.8276196916051383, 0.9118457300275482, 0.8945945945945946, 0.9324324324324325, 0.9297752808988764, 0.8945945945945946, 0.9624171232815593)
ACMEindependent1_A02_HLA-A*02:17:(0.9750071818442977, 0.6864406779661016, 0.46318355658658544, 0.5542168674698795, 0.3898305084745763, 0.9830508474576272, 0.9583333333333334, 0.3898305084745763, 0.9613627211669071)
ACMEindependent1_A02_HLA-A*02:06:(0.9636398465843158, 0.8374220374220375, 0.6992309664196712, 0.8128291048348493, 0.7063227953410982, 0.9684123025768911, 0.9571589627959414, 0.7063227953410982, 0.9601696502571242)
ACMEindependent1_A02_HLA-A*02:03:(0.9704117345653817, 0.8605108055009824, 0.736610819967311, 0.8448087431693989, 0.7585868498527969, 0.9626352015732547, 0.9531442663378545, 0.7585868498527969, 0.9695429430896826)
ACMEindependent1_A02_HLA-A*02:04:(0.9512755355112443, 0.784688995215311, 0.622767364896913, 0.7299999999999999, 0.5821371610845295, 0.9872408293460925, 0.9785522788203753, 0.5821371610845295, 0.9528637222295055)
ACMEindependent1_A03_HLA-A*11:01:(0.9695406534021125, 0.8663845223700121, 0.7534926418617504, 0.8490093372808017, 0.750402576489533, 0.9826472962066183, 0.9774514944939696, 0.750402576489533, 0.9719332138446717)
ACMEindependent1_A03_HLA-A*33:01:(0.9773515914565434, 0.7633711507293355, 0.5944639035219823, 0.6919831223628693, 0.5316045380875203, 0.9951377633711507, 0.9909365558912386, 0.5316045380875203, 0.9772651327751883)
ACMEindependent1_A03_HLA-A*68:23:(0.8961937716262975, 0.6764705882352942, 0.4629100498862757, 0.5217391304347826, 0.35294117647058826, 1.0, 1.0, 0.35294117647058826, 0.908896595320744)
ACMEindependent1_A03_HLA-A*66:01:(0.9746514047866807, 0.7048387096774194, 0.5075494959826193, 0.5812356979405034, 0.4096774193548387, 1.0, 1.0, 0.4096774193548387, 0.9805194298228382)
ACMEindependent1_A03_HLA-A*31:01:(0.9745025473136072, 0.8482864844050828, 0.7225674099415137, 0.8256637168141594, 0.716589861751152, 0.9806949806949807, 0.9739039665970772, 0.716589861751152, 0.9740346566123531)
ACMEindependent1_A03_HLA-A*68:01:(0.9813080530853827, 0.8975556165888492, 0.8053796533441748, 0.8889550461446858, 0.8185307017543859, 0.976884975233902, 0.9726384364820847, 0.8185307017543859, 0.9743167426069397)
ACMEindependent1_A03_HLA-A*03:01:(0.9781895527205723, 0.8381698415524301, 0.7105416896129259, 0.8093940029356259, 0.6858564321250888, 0.9910809846592936, 0.9872122762148338, 0.6858564321250888, 0.9777081050027513)
ACMEindependent1_A24_HLA-A*23:01:(0.9686766862170089, 0.8440968718466195, 0.7209506204574445, 0.8170515097690941, 0.6955645161290323, 0.9929292929292929, 0.9899569583931134, 0.6955645161290323, 0.9756762212923784)
ACMEindependent1_A24_HLA-A*24:03:(0.9819197896120972, 0.8717948717948718, 0.7597456497402568, 0.8571428571428572, 0.7692307692307693, 0.9743589743589743, 0.967741935483871, 0.7692307692307693, 0.9790769061925012)
ACMEindependent1_A24_HLA-A*24:02:(0.9718198205870663, 0.7857490272373541, 0.6296144374115472, 0.7296716784289661, 0.5771844660194175, 0.9951267056530214, 0.9916597164303587, 0.5771844660194175, 0.9752311539186316)
ACMEindependent1_B07_HLA-B*51:08:(0.971008, 0.552, 0.2342057229768425, 0.18840579710144925, 0.104, 1.0, 1.0, 0.104, 0.9791722745760991)
ACMEindependent1_B07_HLA-B*07:02:(0.9811600796246838, 0.898019801980198, 0.8105139683310966, 0.887817021938696, 0.8047954866008462, 0.99177304964539, 0.9899375433726578, 0.8047954866008462, 0.9833403153109386)
ACMEindependent1_B07_HLA-B*35:08:(0.9582413223140496, 0.8290909090909091, 0.6929375111002565, 0.7974137931034483, 0.6727272727272727, 0.9854545454545455, 0.9788359788359788, 0.6727272727272727, 0.96052710751032)
ACMEindependent1_B07_HLA-B*51:01:(0.9072162556994858, 0.5773044436283511, 0.28830139438761354, 0.2719797596457938, 0.15762463343108504, 0.9985283296541575, 0.9907834101382489, 0.15762463343108504, 0.9262984949139907)
ACMEindependent1_B07_HLA-B*35:01:(0.9567788590630272, 0.8189233278955954, 0.6752314831053741, 0.7837461731143891, 0.6554934823091247, 0.9827344843677088, 0.9743944636678201, 0.6554934823091247, 0.9611390710910759)
ACMEindependent1_B07_HLA-B*53:01:(0.983501096253738, 0.8333333333333334, 0.703102651800378, 0.8018539976825029, 0.6744639376218323, 0.9922027290448343, 0.9885714285714285, 0.6744639376218323, 0.984246224509717)
ACMEindependent1_B07_HLA-B*54:01:(0.966215667978417, 0.821656050955414, 0.6886061310762986, 0.7829457364341085, 0.643312101910828, 1.0, 1.0, 0.643312101910828, 0.9746898480577094)
ACMEindependent1_B07_HLA-B*56:01:(0.9830205182647944, 0.8540051679586563, 0.7402702209328699, 0.8290468986384266, 0.7080103359173127, 1.0, 1.0, 0.7080103359173127, 0.987124883909615)
ACMEindependent1_B07_HLA-B*35:03:(0.9903862395878422, 0.7771395749569213, 0.6171077766375909, 0.7151248164464024, 0.5584862385321101, 0.996547756041427, 0.9938775510204082, 0.5584862385321101, 0.9898061056431818)
ACMEindependent1_B08_HLA-B*08:01:(0.9631885638597047, 0.7445834604821483, 0.5625759743065402, 0.6609963547995139, 0.4978645515558267, 0.9914529914529915, 0.983132530120482, 0.4978645515558267, 0.9627241444556202)
ACMEindependent1_B27_HLA-B*27:07:(0.9919335640138408, 0.8282352941176471, 0.6952764978603437, 0.7943661971830986, 0.6635294117647059, 0.9929411764705882, 0.9894736842105263, 0.6635294117647059, 0.9907822115692627)
ACMEindependent1_B27_HLA-B*14:01:(0.9725, 0.625, 0.3779644730092272, 0.4, 0.25, 1.0, 1.0, 0.25, 0.9764438723620645)
ACMEindependent1_B27_HLA-B*27:09:(0.8862727858014549, 0.7642058165548098, 0.5896131238134592, 0.697647733792312, 0.5433422698838248, 0.985663082437276, 0.9743589743589743, 0.5433422698838248, 0.907514335466377)
ACMEindependent1_B27_HLA-B*39:24:(0.9878379271597595, 0.6747967479674797, 0.45213088014483344, 0.5238095238095237, 0.35772357723577236, 0.991869918699187, 0.9777777777777777, 0.35772357723577236, 0.9817799893922927)
ACMEindependent1_B27_HLA-B*48:01:(0.9618055555555555, 0.7291666666666666, 0.5156879540323449, 0.6486486486486487, 0.5, 0.9583333333333334, 0.9230769230769231, 0.5, 0.9296105311480446)
ACMEindependent1_B27_HLA-B*38:01:(0.9912553237123509, 0.6912582112177867, 0.48260088020081676, 0.5562817719680464, 0.38686868686868686, 0.9959555106167847, 0.9896640826873385, 0.38686868686868686, 0.9887313270253894)
ACMEindependent1_B27_HLA-B*27:02:(0.9824735835674977, 0.7423220973782771, 0.5573932499065356, 0.6573705179282868, 0.4947526236881559, 0.9895209580838323, 0.9792284866468842, 0.4947526236881559, 0.9715856694754863)
ACMEindependent1_B27_HLA-B*27:04:(0.9866698592160545, 0.7379110251450677, 0.5571831748822191, 0.645751633986928, 0.47775628626692457, 0.9980657640232108, 0.9959677419354839, 0.47775628626692457, 0.9866063067387378)
ACMEindependent1_B27_HLA-B*15:11:(0.9694411571334649, 0.8179487179487179, 0.6798834181250946, 0.7788161993769471, 0.6410256410256411, 0.9948717948717949, 0.9920634920634921, 0.6410256410256411, 0.9689492216205504)
ACMEindependent1_B27_HLA-B*27:08:(0.9806797853309481, 0.8230500582072177, 0.6859055553708168, 0.7877094972067038, 0.6558139534883721, 0.9906759906759907, 0.986013986013986, 0.6558139534883721, 0.9725257636797868)
ACMEindependent1_B27_HLA-B*27:03:(0.9709493266327228, 0.5070422535211268, 0.0842151921066519, 0.02777777777777778, 0.014084507042253521, 1.0, 1.0, 0.014084507042253521, 0.9725716882707353)
ACMEindependent1_B27_HLA-B*27:05:(0.7467392572327536, 0.6383499546690843, 0.3901305790812692, 0.4465103371721937, 0.2905381003972553, 0.989075018208303, 0.9640503295386459, 0.2905381003972553, 0.8033987287590201)
ACMEindependent1_B27_HLA-B*27:20:(0.9778393351800554, 0.7631578947368421, 0.5976143046671968, 0.6896551724137931, 0.5263157894736842, 1.0, 1.0, 0.5263157894736842, 0.9776485995220716)
ACMEindependent1_B27_HLA-B*27:01:(0.9900398275237814, 0.7293136626042335, 0.541423946900587, 0.631762652705061, 0.4641025641025641, 0.9948652118100129, 0.9890710382513661, 0.4641025641025641, 0.9796782227705799)
ACMEindependent1_B27_HLA-B*15:18:(0.9729295267489712, 0.6435185185185185, 0.38948289033366756, 0.46153846153846156, 0.3055555555555556, 0.9814814814814815, 0.9428571428571428, 0.3055555555555556, 0.955019940014542)
ACMEindependent1_B27_HLA-B*15:09:(1.0, 0.6190476190476191, 0.36760731104690386, 0.3846153846153846, 0.23809523809523808, 1.0, 1.0, 0.23809523809523808, 1.0)
ACMEindependent1_B27_HLA-B*27:06:(0.9795770857362553, 0.6803921568627451, 0.46524020158607254, 0.5329512893982808, 0.36470588235294116, 0.996078431372549, 0.9893617021276596, 0.36470588235294116, 0.977198578529664)
ACMEindependent1_B27_HLA-B*14:02:(0.9513317399453204, 0.5267665952890792, 0.1673565216341053, 0.10344827586206896, 0.05454545454545454, 1.0, 1.0, 0.05454545454545454, 0.951368277053964)
ACMEindependent1_B27_HLA-B*39:06:(0.9727677196964666, 0.5675675675675675, 0.26059327737456794, 0.24463519313304719, 0.14004914004914004, 0.995085995085995, 0.9661016949152542, 0.14004914004914004, 0.9650199170078618)
ACMEindependent1_B27_HLA-B*73:01:(0.9856363114047687, 0.5635593220338984, 0.26052505285945304, 0.22556390977443605, 0.1271186440677966, 1.0, 1.0, 0.1271186440677966, 0.9856095231233772)
ACMEindependent1_B27_HLA-B*39:01:(0.9864471090426715, 0.8116302186878728, 0.6672974861907697, 0.7709969788519638, 0.6335650446871897, 0.9900497512437811, 0.9845679012345679, 0.6335650446871897, 0.9843088069519768)
ACMEindependent1_B27_HLA-B*15:03:(0.9790020683187524, 0.9220430107526881, 0.8443911665245286, 0.9209809264305177, 0.9086021505376344, 0.9354838709677419, 0.9337016574585635, 0.9086021505376344, 0.9736969600996345)
ACMEindependent1_B44_HLA-B*13:02:(0.8758512819304365, 0.5006067961165048, 0.024640709031819093, 0.0024242424242424242, 0.0012135922330097086, 1.0, 1.0, 0.0012135922330097086, 0.8708130344235385)
ACMEindependent1_B44_HLA-B*37:01:(0.9750298796397611, 0.7541284403669725, 0.5776552544675337, 0.677496991576414, 0.5165137614678899, 0.9917431192660551, 0.9842657342657343, 0.5165137614678899, 0.9702842622863486)
ACMEindependent1_B44_HLA-B*18:01:(0.9867800453514739, 0.834920634920635, 0.7096336746993501, 0.8022813688212928, 0.6698412698412698, 1.0, 1.0, 0.6698412698412698, 0.9894432192909284)
ACMEindependent1_B44_HLA-B*44:27:(0.998810232004759, 0.9512195121951219, 0.9067647005823629, 0.9487179487179488, 0.9024390243902439, 1.0, 1.0, 0.9024390243902439, 0.9988098779071415)
ACMEindependent1_B44_HLA-B*18:03:(0.9938271604938271, 0.75, 0.5773502691896258, 0.6666666666666666, 0.5, 1.0, 1.0, 0.5, 0.993905344512662)
ACMEindependent1_B44_HLA-B*44:02:(0.9869644753924229, 0.8362303096143401, 0.7088117021949562, 0.8067926946491509, 0.6805405405405406, 0.9934497816593887, 0.990558615263572, 0.6805405405405406, 0.9866970713766042)
ACMEindependent1_B44_HLA-B*40:02:(0.9834300974987477, 0.8932316491897044, 0.8000264597900264, 0.8826610790990046, 0.8019990480723465, 0.98472553699284, 0.9813628421665695, 0.8019990480723465, 0.9795527742129373)
ACMEindependent1_B44_HLA-B*41:01:(0.9759670781893004, 0.8851851851851852, 0.7798635358208025, 0.8755020080321286, 0.8074074074074075, 0.9629629629629629, 0.956140350877193, 0.8074074074074075, 0.9669389266052706)
ACMEindependent1_B44_HLA-B*50:01:(0.9830099369925708, 0.7634285714285715, 0.5965761215136893, 0.6915052160953801, 0.5296803652968036, 0.9977116704805492, 0.9957081545064378, 0.5296803652968036, 0.9838847117924756)
ACMEindependent1_B44_HLA-B*45:01:(0.9792593507083303, 0.8841870824053452, 0.7871222745102399, 0.8702163061564059, 0.7759643916913946, 0.9925705794947994, 0.990530303030303, 0.7759643916913946, 0.9801250476188385)
ACMEindependent1_B44_HLA-B*49:01:(0.9890416271873794, 0.5741716867469879, 0.2810079363591484, 0.2612671456564337, 0.1504890895410083, 0.9984928409947249, 0.9900990099009901, 0.1504890895410083, 0.9871698779305587)
ACMEindependent1_B44_HLA-B*40:01:(0.9859114902443794, 0.9102099927588704, 0.830679272856919, 0.9027450980392157, 0.8322487346348517, 0.9883973894126178, 0.9862896315338475, 0.8322487346348517, 0.9836156109323606)
ACMEindependent1_B44_HLA-B*44:03:(0.9910755385250712, 0.863697705802969, 0.7531555810014379, 0.8435321456235476, 0.734322319622387, 0.9932478055367995, 0.9909008189262967, 0.734322319622387, 0.9897314055982838)
ACMEindependent1_B58_HLA-B*57:03:(0.9593463380427595, 0.7117148906139732, 0.5128928059656018, 0.5989199803632793, 0.4301833568406206, 0.9936440677966102, 0.9854604200323102, 0.4301833568406206, 0.9625336284715156)
ACMEindependent1_B58_HLA-B*58:01:(0.975822285510858, 0.8826415094339622, 0.78257515840254, 0.8689422671723558, 0.7781132075471698, 0.9871698113207548, 0.9837786259541985, 0.7781132075471698, 0.976343794465336)
ACMEindependent1_B58_HLA-B*57:01:(0.9445760462926747, 0.7528643751665335, 0.5789662971961527, 0.6739321497627001, 0.5102475379291989, 0.995998933048813, 0.9922360248447205, 0.5102475379291989, 0.956966075072526)
ACMEindependent1_B58_HLA-B*15:17:(0.9780277574872169, 0.9121621621621622, 0.8280373450816243, 0.9078014184397162, 0.8648648648648649, 0.9594594594594594, 0.9552238805970149, 0.8648648648648649, 0.9776621228169884)
ACMEindependent1_B62_HLA-B*52:01:(0.9205624543462382, 0.5050675675675675, 0.07136791021047098, 0.020066889632107024, 0.010135135135135136, 1.0, 1.0, 0.010135135135135136, 0.9346471693304906)
ACMEindependent1_B62_HLA-B*15:01:(0.9783198981824527, 0.889124893797791, 0.792475781260636, 0.8781322957198444, 0.7959932279909706, 0.9829448550312677, 0.9791738979521, 0.7959932279909706, 0.9770018387606734)
ACMEindependent1_B62_HLA-B*15:42:(0.7758381273556834, 0.5, nan, nan, 0.0, 1.0, nan, 0.0, 0.6988830968846738)
ACMEindependent1_B62_HLA-B*46:01:(0.9445161699127941, 0.5303482587064676, 0.17290659132489436, 0.11940298507462686, 0.0636182902584493, 0.99800796812749, 0.9696969696969697, 0.0636182902584493, 0.9427549209946974)
ACMEindependent1_B62_HLA-B*15:02:(0.9658154891801437, 0.8346709470304976, 0.699872324158454, 0.8063909774436091, 0.6886035313001605, 0.9807383627608347, 0.9727891156462585, 0.6886035313001605, 0.9640265337681866)

