ACMEindependent1_8_HLA-A*01:01:(0.8805465765501028, 0.6060606060606061, 0.3320068536535985, 0.3689320388349514, 0.2289156626506024, 0.9878048780487805, 0.95, 0.2289156626506024, 0.8838439507556215)
ACMEindependent1_8_HLA-A*02:01:(0.8773764576163586, 0.6040462427745664, 0.33276323999094104, 0.35071090047393366, 0.2138728323699422, 0.9942196531791907, 0.9736842105263158, 0.2138728323699422, 0.8873364250104699)
ACMEindependent1_8_HLA-A*02:02:(0.6799999999999999, 0.6, 0.3333333333333333, 0.33333333333333337, 0.2, 1.0, 1.0, 0.2, 0.7894513355581466)
ACMEindependent1_8_HLA-A*02:03:(0.9183673469387754, 0.8571428571428571, 0.7453559924999299, 0.8333333333333333, 0.7142857142857143, 1.0, 1.0, 0.7142857142857143, 0.9454545454545453)
ACMEindependent1_8_HLA-A*02:04:(0.9800000000000001, 0.6, 0.3333333333333333, 0.33333333333333337, 0.2, 1.0, 1.0, 0.2, 0.9825757575757575)
ACMEindependent1_8_HLA-A*02:05:(0.8125, 0.5, nan, nan, 0.0, 1.0, nan, 0.0, 0.7666666666666666)
ACMEindependent1_8_HLA-A*02:06:(1.0, 0.5, nan, nan, 0.0, 1.0, nan, 0.0, 1.0)
ACMEindependent1_8_HLA-A*02:07:(0.9349112426035503, 0.6153846153846154, 0.3611575592573076, 0.375, 0.23076923076923078, 1.0, 1.0, 0.23076923076923078, 0.9439519994175865)
ACMEindependent1_8_HLA-A*02:11:(1.0, 0.7, 0.5, 0.5714285714285715, 0.4, 1.0, 1.0, 0.4, 1.0)
ACMEindependent1_8_HLA-A*02:12:(1.0, 1.0, 1.0, 1.0, 1.0, 1.0, 1.0, 1.0, 1.0)
ACMEindependent1_8_HLA-A*03:01:(0.9666762424590636, 0.6949152542372882, 0.49204193231664184, 0.5609756097560975, 0.3898305084745763, 1.0, 1.0, 0.3898305084745763, 0.9770582427509995)
ACMEindependent1_8_HLA-A*11:01:(0.8881632653061224, 0.6714285714285714, 0.42857142857142855, 0.5306122448979592, 0.37142857142857144, 0.9714285714285714, 0.9285714285714286, 0.37142857142857144, 0.8967141494629894)
ACMEindependent1_8_HLA-A*23:01:(0.52, 0.6, 0.3333333333333333, 0.33333333333333337, 0.2, 1.0, 1.0, 0.2, 0.6773015873015873)
ACMEindependent1_8_HLA-A*24:02:(0.9659735349716446, 0.6086956521739131, 0.34921514788478913, 0.3571428571428571, 0.21739130434782608, 1.0, 1.0, 0.21739130434782608, 0.9695213486337649)
ACMEindependent1_8_HLA-A*25:01:(0.25, 0.5, nan, nan, 0.0, 1.0, nan, 0.0, 0.3333333333333333)
ACMEindependent1_8_HLA-A*26:01:(1.0, 0.5, nan, nan, 0.0, 1.0, nan, 0.0, 1.0)
ACMEindependent1_8_HLA-A*29:02:(0.9750104123281966, 0.7755102040816326, 0.6166698388447786, 0.7105263157894737, 0.5510204081632653, 1.0, 1.0, 0.5510204081632653, 0.9776054903685243)
ACMEindependent1_8_HLA-A*30:01:(1.0, 0.5, nan, nan, 0.0, 1.0, nan, 0.0, 1.0)
ACMEindependent1_8_HLA-A*30:02:(1.0, 0.75, 0.5773502691896257, 0.6666666666666666, 0.5, 1.0, 1.0, 0.5, 1.0)
ACMEindependent1_8_HLA-A*31:01:(0.9791666666666666, 0.75, 0.5773502691896257, 0.6666666666666666, 0.5, 1.0, 1.0, 0.5, 0.978108003108003)
ACMEindependent1_8_HLA-A*32:01:(1.0, 0.6, 0.3333333333333333, 0.33333333333333337, 0.2, 1.0, 1.0, 0.2, 1.0)
ACMEindependent1_8_HLA-A*33:01:(0.9249999999999999, 0.7, 0.5, 0.5714285714285715, 0.4, 1.0, 1.0, 0.4, 0.9546416289247506)
ACMEindependent1_8_HLA-A*66:01:(0.6666666666666667, 0.5555555555555556, 0.24253562503633297, 0.19999999999999998, 0.1111111111111111, 1.0, 1.0, 0.1111111111111111, 0.6970607823549)
ACMEindependent1_8_HLA-A*68:01:(1.0, 0.5, nan, nan, 0.0, 1.0, nan, 0.0, 1.0)
ACMEindependent1_8_HLA-A*68:02:(0.75, 0.5625, 0.2581988897471611, 0.2222222222222222, 0.125, 1.0, 1.0, 0.125, 0.7774631618381619)
ACMEindependent1_8_HLA-B*07:02:(0.970900788709008, 0.7790432801822323, 0.6194123711484117, 0.7188405797101449, 0.5636363636363636, 0.9954337899543378, 0.992, 0.5636363636363636, 0.9690852570178362)
ACMEindependent1_8_HLA-B*08:01:(0.9628360638521319, 0.5543478260869565, 0.23256512735476584, 0.2012987012987013, 0.11231884057971014, 0.9963768115942029, 0.96875, 0.11231884057971014, 0.9530380185611489)
ACMEindependent1_8_HLA-B*13:02:(0.9199999999999999, 0.5, nan, nan, 0.0, 1.0, nan, 0.0, 0.8882796110198558)
ACMEindependent1_8_HLA-B*14:02:(0.9610024238227147, 0.506578947368421, 0.08137884587711594, 0.025974025974025976, 0.013157894736842105, 1.0, 1.0, 0.013157894736842105, 0.9599409429474053)
ACMEindependent1_8_HLA-B*15:01:(0.980330448465775, 0.8825910931174089, 0.7873751821205408, 0.867579908675799, 0.7661290322580645, 1.0, 1.0, 0.7661290322580645, 0.9849222943208892)
ACMEindependent1_8_HLA-B*15:02:(0.9643050297458085, 0.7209302325581395, 0.5142653638627284, 0.625, 0.46511627906976744, 0.9767441860465116, 0.9523809523809523, 0.46511627906976744, 0.936473280916907)
ACMEindependent1_8_HLA-B*15:03:(0.9984, 0.98, 0.9607689228305227, 0.9803921568627451, 1.0, 0.96, 0.9615384615384616, 1.0, 0.9984307692307693)
ACMEindependent1_8_HLA-B*15:11:(1.0, 0.5, nan, nan, 0.0, 1.0, nan, 0.0, 1.0)
ACMEindependent1_8_HLA-B*15:17:(0.9866666666666667, 0.9333333333333333, 0.8744746321952062, 0.9285714285714286, 0.8666666666666667, 1.0, 1.0, 0.8666666666666667, 0.9885620915032678)
ACMEindependent1_8_HLA-B*18:01:(0.9833867431270029, 0.7272727272727273, 0.5423261445466404, 0.625, 0.45454545454545453, 1.0, 1.0, 0.45454545454545453, 0.9861077622243536)
ACMEindependent1_8_HLA-B*18:03:(1.0, 0.5714285714285714, 0.2773500981126146, 0.25, 0.14285714285714285, 1.0, 1.0, 0.14285714285714285, 1.0)
ACMEindependent1_8_HLA-B*27:01:(0.9669421487603305, 0.7272727272727273, 0.5423261445466404, 0.625, 0.45454545454545453, 1.0, 1.0, 0.45454545454545453, 0.9695910150455607)
ACMEindependent1_8_HLA-B*27:02:(1.0, 0.75, 0.5773502691896258, 0.6666666666666666, 0.5, 1.0, 1.0, 0.5, 1.0)
ACMEindependent1_8_HLA-B*27:03:(1.0, 0.5, nan, nan, 0.0, 1.0, nan, 0.0, 1.0)
ACMEindependent1_8_HLA-B*27:04:(0.888888888888889, 0.6666666666666666, 0.4472135954999579, 0.5, 0.3333333333333333, 1.0, 1.0, 0.3333333333333333, 0.9027777777777777)
ACMEindependent1_8_HLA-B*27:05:(0.7243384359795895, 0.5817610062893082, 0.2983975467231776, 0.2810810810810811, 0.16352201257861634, 1.0, 1.0, 0.16352201257861634, 0.7833253997105943)
ACMEindependent1_8_HLA-B*27:06:(1.0, 0.5, nan, nan, 0.0, 1.0, nan, 0.0, 1.0)
ACMEindependent1_8_HLA-B*27:07:(1.0, 0.5, nan, nan, 0.0, 1.0, nan, 0.0, 1.0)
ACMEindependent1_8_HLA-B*27:08:(1.0, 0.6666666666666666, 0.4472135954999579, 0.5, 0.3333333333333333, 1.0, 1.0, 0.3333333333333333, 1.0)
ACMEindependent1_8_HLA-B*27:09:(0.5774999999999999, 0.525, 0.16012815380508713, 0.09523809523809523, 0.05, 1.0, 1.0, 0.05, 0.5511236469737433)
ACMEindependent1_8_HLA-B*35:01:(0.8775992438563327, 0.7391304347826086, 0.5606119105813882, 0.6470588235294118, 0.4782608695652174, 1.0, 1.0, 0.4782608695652174, 0.9060664830519534)
ACMEindependent1_8_HLA-B*35:03:(0.9305555555555555, 0.625, 0.3779644730092272, 0.4, 0.25, 1.0, 1.0, 0.25, 0.9612193362193362)
ACMEindependent1_8_HLA-B*35:08:(0.888888888888889, 0.5, nan, nan, 0.0, 1.0, nan, 0.0, 0.9027777777777777)
ACMEindependent1_8_HLA-B*37:01:(0.9684193975876552, 0.7014218009478673, 0.49374397105346846, 0.5800000000000001, 0.41232227488151657, 0.990521327014218, 0.9775280898876404, 0.41232227488151657, 0.9661899091037265)
ACMEindependent1_8_HLA-B*38:01:(0.9591836734693877, 0.5, nan, nan, 0.0, 1.0, nan, 0.0, 0.9662698412698412)
ACMEindependent1_8_HLA-B*39:01:(0.9974489795918368, 0.5714285714285714, 0.2773500981126146, 0.25, 0.14285714285714285, 1.0, 1.0, 0.14285714285714285, 0.9974473505877447)
ACMEindependent1_8_HLA-B*39:06:(0.9876543209876543, 0.5, nan, nan, 0.0, 1.0, nan, 0.0, 0.9882716049382716)
ACMEindependent1_8_HLA-B*39:24:(0.9984, 0.54, 0.2041241452319315, 0.14814814814814814, 0.08, 1.0, 1.0, 0.08, 0.9984307692307693)
ACMEindependent1_8_HLA-B*40:01:(0.9607609988109393, 0.8103448275862069, 0.6708203932499369, 0.7659574468085107, 0.6206896551724138, 1.0, 1.0, 0.6206896551724138, 0.9625074086752299)
ACMEindependent1_8_HLA-B*40:02:(0.9842574451410658, 0.8325508607198748, 0.702750365059429, 0.8007448789571695, 0.671875, 0.9937304075235109, 0.9907834101382489, 0.671875, 0.9858467382724395)
ACMEindependent1_8_HLA-B*41:01:(1.0, 0.8333333333333334, 0.7071067811865476, 0.8, 0.6666666666666666, 1.0, 1.0, 0.6666666666666666, 1.0)
ACMEindependent1_8_HLA-B*44:02:(0.991675338189386, 0.6774193548387096, 0.46442036401282394, 0.5238095238095238, 0.3548387096774194, 1.0, 1.0, 0.3548387096774194, 0.9925445755059303)
ACMEindependent1_8_HLA-B*44:03:(0.9834183673469388, 0.875, 0.7745966692414833, 0.8571428571428571, 0.75, 1.0, 1.0, 0.75, 0.9885344076655053)
ACMEindependent1_8_HLA-B*45:01:(0.9375, 0.875, 0.7745966692414834, 0.8571428571428571, 0.75, 1.0, 1.0, 0.75, 0.9564393939393939)
ACMEindependent1_8_HLA-B*46:01:(0.95703125, 0.5, nan, nan, 0.0, 1.0, nan, 0.0, 0.9577488877904305)
ACMEindependent1_8_HLA-B*49:01:(0.9884782283405656, 0.5474006116207951, 0.22612661155073185, 0.17777777777777776, 0.0975609756097561, 1.0, 1.0, 0.0975609756097561, 0.9891592282101691)
ACMEindependent1_8_HLA-B*50:01:(0.9591836734693878, 0.6428571428571429, 0.40824829046386296, 0.4444444444444445, 0.2857142857142857, 1.0, 1.0, 0.2857142857142857, 0.9587585034013604)
ACMEindependent1_8_HLA-B*51:01:(0.9408248063768444, 0.5526315789473685, 0.23570226039551584, 0.1904761904761905, 0.10526315789473684, 1.0, 1.0, 0.10526315789473684, 0.9500579046690788)
ACMEindependent1_8_HLA-B*51:08:(0.9757785467128028, 0.5, nan, nan, 0.0, 1.0, nan, 0.0, 0.9824701619778347)
ACMEindependent1_8_HLA-B*52:01:(0.9217132659131468, 0.5, nan, nan, 0.0, 1.0, nan, 0.0, 0.9329364180795814)
ACMEindependent1_8_HLA-B*53:01:(0.9466666666666668, 0.7, 0.45226701686664544, 0.608695652173913, 0.4666666666666667, 0.9333333333333333, 0.875, 0.4666666666666667, 0.9273468252880017)
ACMEindependent1_8_HLA-B*54:01:(0.9038461538461539, 0.8076923076923077, 0.6666666666666666, 0.761904761904762, 0.6153846153846154, 1.0, 1.0, 0.6153846153846154, 0.9423332396697539)
ACMEindependent1_8_HLA-B*56:01:(1.0, 0.7941176470588235, 0.6454972243679028, 0.7407407407407407, 0.5882352941176471, 1.0, 1.0, 0.5882352941176471, 1.0)
ACMEindependent1_8_HLA-B*57:01:(0.9110812069768646, 0.6474820143884892, 0.4078643039667386, 0.46153846153846156, 0.302158273381295, 0.9928057553956835, 0.9767441860465116, 0.302158273381295, 0.9254180915780917)
ACMEindependent1_8_HLA-B*57:03:(0.9066837107377648, 0.6216216216216216, 0.3557562367689427, 0.40425531914893614, 0.25675675675675674, 0.9864864864864865, 0.95, 0.25675675675675674, 0.9213978622926503)
ACMEindependent1_8_HLA-B*58:01:(0.9758387196060325, 0.8421052631578947, 0.7128714938817337, 0.8163265306122448, 0.7017543859649122, 0.9824561403508771, 0.975609756097561, 0.7017543859649122, 0.9792844311089863)
ACMEindependent1_8_HLA-B*73:01:(1.0, 1.0, 1.0, 1.0, 1.0, 1.0, 1.0, 1.0, 1.0)
ACMEindependent1_9_HLA-A*01:01:(0.9803061360530613, 0.778183477863989, 0.6184013341991275, 0.7164527421236873, 0.5602189781021898, 0.9963470319634703, 0.9935275080906149, 0.5602189781021898, 0.982729831722131)
ACMEindependent1_9_HLA-A*02:01:(0.9522754727524502, 0.8466953461087211, 0.7184482607912812, 0.8254674977738202, 0.7193481634764615, 0.9760840998685939, 0.9683147632311978, 0.7193481634764615, 0.9553673103783143)
ACMEindependent1_9_HLA-A*02:02:(0.9776868180120525, 0.8816521048451151, 0.7711232759390003, 0.8729752770673486, 0.8114104595879557, 0.9522292993630573, 0.9446494464944649, 0.8114104595879557, 0.9744553642807083)
ACMEindependent1_9_HLA-A*02:03:(0.980737306085065, 0.8849420849420849, 0.7798397351542588, 0.8751047778709136, 0.8055555555555556, 0.964451313755796, 0.9577981651376147, 0.8055555555555556, 0.9800675952979033)
ACMEindependent1_9_HLA-A*02:04:(0.9656700196554514, 0.8161290322580645, 0.673943318414225, 0.7776332899869962, 0.6430107526881721, 0.989247311827957, 0.9835526315789473, 0.6430107526881721, 0.9683777902199561)
ACMEindependent1_9_HLA-A*02:05:(0.979743650856704, 0.9251423921887714, 0.8515825625696619, 0.9229480737018425, 0.8973941368078175, 0.9528455284552846, 0.95, 0.8973941368078175, 0.9698940481821503)
ACMEindependent1_9_HLA-A*02:06:(0.968663248155023, 0.8579205225911812, 0.7332274832575263, 0.8405620036652413, 0.7494553376906318, 0.9662676822633297, 0.9568845618915159, 0.7494553376906318, 0.9650889817243358)
ACMEindependent1_9_HLA-A*02:07:(0.9668572650322355, 0.8145695364238411, 0.6667528637443303, 0.7777777777777778, 0.6490066225165563, 0.9801324503311258, 0.9702970297029703, 0.6490066225165563, 0.9514840385204635)
ACMEindependent1_9_HLA-A*02:11:(0.9737476341553083, 0.922509225092251, 0.8451105139143843, 0.9219330855018588, 0.915129151291513, 0.9298892988929889, 0.9288389513108615, 0.915129151291513, 0.9678072810356719)
ACMEindependent1_9_HLA-A*02:12:(0.9659183673469387, 0.8642857142857143, 0.7414702014287887, 0.8503937007874016, 0.7714285714285715, 0.9571428571428572, 0.9473684210526315, 0.7714285714285715, 0.9556496811156378)
ACMEindependent1_9_HLA-A*02:16:(0.9960552268244576, 0.9615384615384616, 0.9258200997725515, 0.9600000000000001, 0.9230769230769231, 1.0, 1.0, 0.9230769230769231, 0.9961028696241494)
ACMEindependent1_9_HLA-A*02:17:(0.9512485136741973, 0.7068965517241379, 0.48349377841522817, 0.6046511627906977, 0.4482758620689655, 0.9655172413793104, 0.9285714285714286, 0.4482758620689655, 0.9252805380250966)
ACMEindependent1_9_HLA-A*02:19:(0.9896, 0.9, 0.8058229640253803, 0.8936170212765958, 0.84, 0.96, 0.9545454545454546, 0.84, 0.9892831468334925)
ACMEindependent1_9_HLA-A*02:20:(0.9883418727259226, 0.9328358208955224, 0.8704353265221132, 0.9291338582677166, 0.8805970149253731, 0.9850746268656716, 0.9833333333333333, 0.8805970149253731, 0.9799165363545134)
ACMEindependent1_9_HLA-A*03:01:(0.9814200545524282, 0.8623265741728922, 0.7500386024174572, 0.8424908424908424, 0.7344332091538052, 0.990904226859283, 0.9878310665712241, 0.7344332091538052, 0.9802253340380466)
ACMEindependent1_9_HLA-A*11:01:(0.972147174413077, 0.8856541564363382, 0.7874144518361269, 0.8732503888024883, 0.7858642407277817, 0.9859353023909986, 0.9825021872265967, 0.7858642407277817, 0.9757392805599111)
ACMEindependent1_9_HLA-A*23:01:(0.9718954632987218, 0.8461538461538461, 0.7249625781759312, 0.8196994991652754, 0.6984352773826458, 0.9942938659058488, 0.9919191919191919, 0.6984352773826458, 0.9775568336211519)
ACMEindependent1_9_HLA-A*24:02:(0.96785120808504, 0.7975921745673439, 0.6475744882101041, 0.7490671641791045, 0.6024006001500375, 0.9939622641509434, 0.9901356350184957, 0.6024006001500375, 0.9731150119726922)
ACMEindependent1_9_HLA-A*24:03:(0.9819197896120972, 0.8717948717948718, 0.7597456497402568, 0.8571428571428572, 0.7692307692307693, 0.9743589743589743, 0.967741935483871, 0.7692307692307693, 0.9790769061925012)
ACMEindependent1_9_HLA-A*25:01:(0.9733333333333334, 0.7952380952380952, 0.6413945636668352, 0.7455621301775147, 0.6, 0.9904761904761905, 0.984375, 0.6, 0.9797564221533143)
ACMEindependent1_9_HLA-A*26:01:(0.9897167715118222, 0.8292978208232445, 0.6993975131592247, 0.794759825327511, 0.6610169491525424, 0.9975786924939467, 0.9963503649635036, 0.6610169491525424, 0.9905967015686018)
ACMEindependent1_9_HLA-A*26:02:(0.9837567680133277, 0.8163265306122449, 0.6802106785137816, 0.775, 0.6326530612244898, 1.0, 1.0, 0.6326530612244898, 0.982713748539765)
ACMEindependent1_9_HLA-A*26:03:(0.9907407407407407, 0.75, 0.5773502691896257, 0.6666666666666666, 0.5, 1.0, 1.0, 0.5, 0.9904475069754999)
ACMEindependent1_9_HLA-A*29:02:(0.978632946653974, 0.886887306242145, 0.7899925205824806, 0.8745353159851301, 0.7867892976588629, 0.9874055415617129, 0.9843096234309623, 0.7867892976588629, 0.979787742163087)
ACMEindependent1_9_HLA-A*30:01:(0.9568061402235448, 0.8253012048192772, 0.6809443090717809, 0.7950530035335689, 0.677710843373494, 0.9728915662650602, 0.9615384615384616, 0.677710843373494, 0.9543063031768139)
ACMEindependent1_9_HLA-A*30:02:(0.9645448022959184, 0.7924107142857143, 0.6372828666580029, 0.7409470752089137, 0.59375, 0.9910714285714286, 0.9851851851851852, 0.59375, 0.9653483542202528)
ACMEindependent1_9_HLA-A*31:01:(0.985659982401198, 0.9053185271770894, 0.8199686165693874, 0.8981132075471697, 0.8311990686845169, 0.9800469483568075, 0.9767441860465116, 0.8311990686845169, 0.9843028046431751)
ACMEindependent1_9_HLA-A*32:01:(0.9788464629944152, 0.767349636483807, 0.5986681669897135, 0.7001703577512777, 0.5429326287978864, 0.9920634920634921, 0.9856115107913669, 0.5429326287978864, 0.9764744793520734)
ACMEindependent1_9_HLA-A*32:07:(0.9166666666666667, 0.7222222222222222, 0.4714045207910316, 0.6666666666666667, 0.5555555555555556, 0.8888888888888888, 0.8333333333333334, 0.5555555555555556, 0.9103553467151081)
ACMEindependent1_9_HLA-A*33:01:(0.9887603305785124, 0.843939393939394, 0.7210929028359863, 0.8163992869875223, 0.693939393939394, 0.9939393939393939, 0.9913419913419913, 0.693939393939394, 0.9878316079940378)
ACMEindependent1_9_HLA-A*66:01:(0.986956767768221, 0.7180851063829787, 0.5281207860194961, 0.6074074074074074, 0.43617021276595747, 1.0, 1.0, 0.43617021276595747, 0.990416721765513)
ACMEindependent1_9_HLA-A*68:01:(0.9842605561607763, 0.9237721021611002, 0.8527628808642235, 0.9195688225538972, 0.8691222570532915, 0.9787234042553191, 0.9762323943661971, 0.8691222570532915, 0.9759504605276746)
ACMEindependent1_9_HLA-A*68:02:(0.9611663137318781, 0.8361872146118722, 0.699928526718133, 0.8100595632031766, 0.6978335233751425, 0.9748571428571429, 0.9652996845425867, 0.6978335233751425, 0.963003139340178)
ACMEindependent1_9_HLA-A*68:23:(0.8961937716262975, 0.6764705882352942, 0.4629100498862757, 0.5217391304347826, 0.35294117647058826, 1.0, 1.0, 0.35294117647058826, 0.908896595320744)
ACMEindependent1_9_HLA-A*69:01:(0.9777949245541838, 0.8287037037037037, 0.6926252447967297, 0.7967032967032965, 0.6712962962962963, 0.9861111111111112, 0.9797297297297297, 0.6712962962962963, 0.9770607666842831)
ACMEindependent1_9_HLA-A*80:01:(0.9521604938271605, 0.6666666666666666, 0.4008918628686366, 0.5384615384615385, 0.3888888888888889, 0.9444444444444444, 0.875, 0.3888888888888889, 0.934697470233886)
ACMEindependent1_9_HLA-B*07:02:(0.98510100814384, 0.9073764621628073, 0.8266049089515807, 0.8992731048805815, 0.8239771646051379, 0.9913751796837565, 0.9897142857142858, 0.8239771646051379, 0.986461919260927)
ACMEindependent1_9_HLA-B*08:01:(0.9691738953251441, 0.8168466522678186, 0.6762639257357903, 0.7782426778242677, 0.6424870466321243, 0.9913569576490925, 0.986737400530504, 0.6424870466321243, 0.9691917131880675)
ACMEindependent1_9_HLA-B*13:02:(0.8720330982179084, 0.5006983240223464, 0.02643505285727147, 0.002789400278940028, 0.0013966480446927375, 1.0, 1.0, 0.0013966480446927375, 0.8634864584888031)
ACMEindependent1_9_HLA-B*14:01:(0.9725, 0.625, 0.3779644730092272, 0.4, 0.25, 1.0, 1.0, 0.25, 0.9764438723620645)
ACMEindependent1_9_HLA-B*14:02:(0.9489655172413793, 0.5331491712707183, 0.18689140464707202, 0.12661498708010333, 0.06758620689655172, 1.0, 1.0, 0.06758620689655172, 0.947580981531686)
ACMEindependent1_9_HLA-B*15:01:(0.9833470040460713, 0.8740141137401412, 0.7683113298124787, 0.8586070347076636, 0.7615702479338843, 0.987489574645538, 0.9839829151094501, 0.7615702479338843, 0.9801401672236418)
ACMEindependent1_9_HLA-B*15:02:(0.9778550234270194, 0.8598971722365039, 0.7422696190252055, 0.8404099560761347, 0.7377892030848329, 0.9820051413881749, 0.9761904761904762, 0.7377892030848329, 0.9773351778016924)
ACMEindependent1_9_HLA-B*15:03:(0.9805864444800513, 0.9189873417721519, 0.8388461060155549, 0.917098445595855, 0.8962025316455696, 0.9417721518987342, 0.9389920424403183, 0.8962025316455696, 0.9767078373383367)
ACMEindependent1_9_HLA-B*15:09:(1.0, 0.6190476190476191, 0.36760731104690386, 0.3846153846153846, 0.23809523809523808, 1.0, 1.0, 0.23809523809523808, 1.0)
ACMEindependent1_9_HLA-B*15:11:(0.9732090367011001, 0.8201058201058201, 0.6832233875927683, 0.782051282051282, 0.6455026455026455, 0.9947089947089947, 0.991869918699187, 0.6455026455026455, 0.9717775519574486)
ACMEindependent1_9_HLA-B*15:17:(0.9781203549389668, 0.9093959731543624, 0.822430379516993, 0.9049295774647887, 0.8624161073825504, 0.9563758389261745, 0.9518518518518518, 0.8624161073825504, 0.9780754790951408)
ACMEindependent1_9_HLA-B*15:18:(0.9729295267489712, 0.6435185185185185, 0.38948289033366756, 0.46153846153846156, 0.3055555555555556, 0.9814814814814815, 0.9428571428571428, 0.3055555555555556, 0.955019940014542)
ACMEindependent1_9_HLA-B*15:42:(0.7758381273556834, 0.5, nan, nan, 0.0, 1.0, nan, 0.0, 0.6988830968846738)
ACMEindependent1_9_HLA-B*18:01:(0.99021399549542, 0.8853427895981087, 0.7917847415321142, 0.8704939919893191, 0.7706855791962175, 1.0, 1.0, 0.7706855791962175, 0.9915533545485253)
ACMEindependent1_9_HLA-B*18:03:(0.9853515625, 0.859375, 0.7489830503797116, 0.8363636363636363, 0.71875, 1.0, 1.0, 0.71875, 0.9858649612567685)
ACMEindependent1_9_HLA-B*27:01:(0.9961483276472276, 0.7222222222222222, 0.5351214623044116, 0.6167247386759582, 0.44584382871536526, 1.0, 1.0, 0.44584382871536526, 0.9952130462407331)
ACMEindependent1_9_HLA-B*27:02:(0.9895440320552192, 0.751434034416826, 0.5735142945320043, 0.6717171717171716, 0.5095785440613027, 0.9923664122137404, 0.9851851851851852, 0.5095785440613027, 0.9836642936941957)
ACMEindependent1_9_HLA-B*27:03:(0.9667435601691657, 0.5098039215686274, 0.09950371902099893, 0.038461538461538464, 0.0196078431372549, 1.0, 1.0, 0.0196078431372549, 0.9690596312314244)
ACMEindependent1_9_HLA-B*27:04:(0.9873625988937899, 0.7125603864734299, 0.5174233081933122, 0.5979729729729729, 0.427536231884058, 0.9975845410628019, 0.9943820224719101, 0.427536231884058, 0.985596120944344)
ACMEindependent1_9_HLA-B*27:05:(0.8639884146860892, 0.6832025842178127, 0.46847987637869554, 0.5467150874876197, 0.3791208791208791, 0.9920930232558139, 0.9798816568047337, 0.3791208791208791, 0.8859141536930883)
ACMEindependent1_9_HLA-B*27:06:(0.9811124330755503, 0.6585365853658537, 0.43405736614121554, 0.48148148148148145, 0.3170731707317073, 1.0, 1.0, 0.3170731707317073, 0.9802522889855514)
ACMEindependent1_9_HLA-B*27:07:(0.9934814814814814, 0.8244444444444444, 0.6882506003549063, 0.7893333333333334, 0.6577777777777778, 0.9911111111111112, 0.9866666666666667, 0.6577777777777778, 0.9914848035164878)
ACMEindependent1_9_HLA-B*27:08:(0.9864474258289704, 0.8302872062663186, 0.6997455938990002, 0.7975077881619937, 0.6666666666666666, 0.9947643979057592, 0.9922480620155039, 0.6666666666666666, 0.9715731014590934)
ACMEindependent1_9_HLA-B*27:09:(0.9138421629716793, 0.7661488143908421, 0.5969225171257857, 0.6989473684210527, 0.5415986949429038, 0.9918032786885246, 0.9851632047477745, 0.5415986949429038, 0.9255881124522997)
ACMEindependent1_9_HLA-B*27:20:(0.9778393351800554, 0.7631578947368421, 0.5976143046671968, 0.6896551724137931, 0.5263157894736842, 1.0, 1.0, 0.5263157894736842, 0.9776485995220716)
ACMEindependent1_9_HLA-B*35:01:(0.973399674308133, 0.8337446020974707, 0.6985135133679576, 0.8053448898519321, 0.6869993838570548, 0.980852378011118, 0.9729493891797557, 0.6869993838570548, 0.9703545686099917)
ACMEindependent1_9_HLA-B*35:03:(0.9904971810406147, 0.7829252150893448, 0.6257951275608722, 0.7248322147651006, 0.570673712021136, 0.9960212201591512, 0.993103448275862, 0.570673712021136, 0.9893989753192537)
ACMEindependent1_9_HLA-B*35:08:(0.9718354766712722, 0.8273195876288659, 0.68718959668694, 0.7963525835866261, 0.6752577319587629, 0.979381443298969, 0.9703703703703703, 0.6752577319587629, 0.9659941348377394)
ACMEindependent1_9_HLA-B*37:01:(0.9765094364949394, 0.7616580310880829, 0.5888762362329956, 0.6907563025210084, 0.5323834196891192, 0.9909326424870466, 0.9832535885167464, 0.5323834196891192, 0.9698515553631049)
ACMEindependent1_9_HLA-B*38:01:(0.9929680479802728, 0.6939523518631643, 0.4861216874078526, 0.5624454148471616, 0.39316239316239315, 0.9951100244498777, 0.9877300613496932, 0.39316239316239315, 0.9895557505953044)
ACMEindependent1_9_HLA-B*39:01:(0.9859958717182193, 0.8128523111612176, 0.6691488426821935, 0.7729138166894665, 0.6362612612612613, 0.989841986455982, 0.9843205574912892, 0.6362612612612613, 0.984036822724571)
ACMEindependent1_9_HLA-B*39:06:(0.970576093075624, 0.563013698630137, 0.2494700264914546, 0.2313253012048193, 0.13150684931506848, 0.9945205479452055, 0.96, 0.13150684931506848, 0.9615854711029203)
ACMEindependent1_9_HLA-B*39:24:(0.9860771601657987, 0.7061855670103093, 0.5006261743217588, 0.5899280575539568, 0.422680412371134, 0.9896907216494846, 0.9761904761904762, 0.422680412371134, 0.9801158528395844)
ACMEindependent1_9_HLA-B*40:01:(0.9833317004257148, 0.9050911376492772, 0.8218013307088394, 0.8966461327857632, 0.821831869510665, 0.9886649874055415, 0.9864457831325302, 0.821831869510665, 0.9792879792755341)
ACMEindependent1_9_HLA-B*40:02:(0.9847631397976226, 0.9029255319148937, 0.8167441618934631, 0.8946608946608947, 0.8222811671087533, 0.984, 0.9810126582278481, 0.8222811671087533, 0.9803877859796735)
ACMEindependent1_9_HLA-B*41:01:(0.9795471761636225, 0.8807339449541285, 0.7720679700775438, 0.87, 0.7981651376146789, 0.963302752293578, 0.9560439560439561, 0.7981651376146789, 0.9727939742933133)
ACMEindependent1_9_HLA-B*44:02:(0.9883710033801113, 0.815049864007253, 0.674453507380393, 0.7775354416575792, 0.6411870503597122, 0.9917733089579525, 0.9875346260387812, 0.6411870503597122, 0.9856543742623223)
ACMEindependent1_9_HLA-B*44:03:(0.9898825792084219, 0.8487064116985377, 0.7285997714234901, 0.8233749179251478, 0.7044943820224719, 0.9932432432432432, 0.990521327014218, 0.7044943820224719, 0.9871518368172931)
ACMEindependent1_9_HLA-B*44:27:(1.0, 0.9545454545454546, 0.9128709291752768, 0.9523809523809523, 0.9090909090909091, 1.0, 1.0, 0.9090909090909091, 1.0)
ACMEindependent1_9_HLA-B*45:01:(0.9884191691815498, 0.9065989847715736, 0.8259157282887564, 0.8977777777777778, 0.8194726166328601, 0.9939024390243902, 0.9926289926289926, 0.8194726166328601, 0.9862581260016916)
ACMEindependent1_9_HLA-B*46:01:(0.9676249676249676, 0.5320056899004267, 0.1763889650269355, 0.1273209549071618, 0.06818181818181818, 0.9971509971509972, 0.96, 0.06818181818181818, 0.9626748354861131)
ACMEindependent1_9_HLA-B*48:01:(0.9618055555555555, 0.7291666666666666, 0.5156879540323449, 0.6486486486486487, 0.5, 0.9583333333333334, 0.9230769230769231, 0.5, 0.9296105311480446)
ACMEindependent1_9_HLA-B*49:01:(0.9909548500779941, 0.5798134942402633, 0.2930711688981367, 0.2773584905660378, 0.1611842105263158, 0.9989023051591658, 0.9932432432432432, 0.1611842105263158, 0.9898784134330217)
ACMEindependent1_9_HLA-B*50:01:(0.9909188034188035, 0.7752489331436699, 0.6164873936705778, 0.7106227106227105, 0.5511363636363636, 1.0, 1.0, 0.5511363636363636, 0.9909752613593953)
ACMEindependent1_9_HLA-B*51:01:(0.9498140213225402, 0.6135895676046671, 0.35609633806026797, 0.3765227021040975, 0.23255813953488372, 0.9972451790633609, 0.9883720930232558, 0.23255813953488372, 0.9569237903054659)
ACMEindependent1_9_HLA-B*51:08:(0.9729279466888796, 0.5663265306122449, 0.2665300196340371, 0.23423423423423423, 0.1326530612244898, 1.0, 1.0, 0.1326530612244898, 0.981502315926481)
ACMEindependent1_9_HLA-B*52:01:(0.94309769197271, 0.5180722891566265, 0.1356646894938404, 0.06976744186046512, 0.03614457831325301, 1.0, 1.0, 0.03614457831325301, 0.9539576309051067)
ACMEindependent1_9_HLA-B*53:01:(0.9902201183431951, 0.8661538461538462, 0.7574242272696962, 0.8465608465608466, 0.7384615384615385, 0.9938461538461538, 0.9917355371900827, 0.7384615384615385, 0.9900087238114171)
ACMEindependent1_9_HLA-B*54:01:(0.9831785246895848, 0.8700564971751412, 0.7664489194906212, 0.8506493506493507, 0.7401129943502824, 1.0, 1.0, 0.7401129943502824, 0.9864771014247447)
ACMEindependent1_9_HLA-B*56:01:(0.9889284393491125, 0.8774038461538461, 0.7785740852209289, 0.8602739726027397, 0.7548076923076923, 1.0, 1.0, 0.7548076923076923, 0.9906134258685453)
ACMEindependent1_9_HLA-B*57:01:(0.9741419027293174, 0.8029818956336529, 0.6577906684821919, 0.756043956043956, 0.6094968107725017, 0.9971550497866287, 0.9953703703703703, 0.6094968107725017, 0.9783152697179891)
ACMEindependent1_9_HLA-B*57:03:(0.9779893326717937, 0.7620416966211359, 0.588923387462324, 0.6920930232558139, 0.5344827586206896, 0.9899280575539569, 0.9815303430079155, 0.5344827586206896, 0.9757005766966772)
ACMEindependent1_9_HLA-B*58:01:(0.9874935664409349, 0.908896797153025, 0.8287601136474276, 0.9007751937984497, 0.8276353276353277, 0.9900426742532006, 0.9880952380952381, 0.8276353276353277, 0.9848717288530748)
ACMEindependent1_9_HLA-B*73:01:(0.9857668017720802, 0.5533980582524272, 0.23750843439814176, 0.19298245614035087, 0.10679611650485436, 1.0, 1.0, 0.10679611650485436, 0.9851289828229564)
ACMEindependent1_10_HLA-A*01:01:(0.9749450600650738, 0.7448275862068966, 0.569974798884843, 0.6587615283267457, 0.4911591355599214, 1.0, 1.0, 0.4911591355599214, 0.9776649418025077)
ACMEindependent1_10_HLA-A*02:01:(0.9263010974265586, 0.786308973172988, 0.6172277978679684, 0.7383918459796149, 0.6014760147601476, 0.9721706864564007, 0.9560117302052786, 0.6014760147601476, 0.9328998946138742)
ACMEindependent1_10_HLA-A*02:02:(0.9433509103838774, 0.7967032967032966, 0.6199302346091597, 0.7623126338329764, 0.652014652014652, 0.9413919413919414, 0.9175257731958762, 0.652014652014652, 0.9392104135050321)
ACMEindependent1_10_HLA-A*02:03:(0.953139930436112, 0.8207109737248841, 0.6679209919809955, 0.7921146953405019, 0.6820987654320988, 0.9597523219814241, 0.9444444444444444, 0.6820987654320988, 0.9491045963559583)
ACMEindependent1_10_HLA-A*02:04:(0.8771266540642723, 0.7065217391304348, 0.49205628028148707, 0.5970149253731344, 0.43478260869565216, 0.9782608695652174, 0.9523809523809523, 0.43478260869565216, 0.8698202049598185)
ACMEindependent1_10_HLA-A*02:05:(0.9740492170022371, 0.8963210702341137, 0.802288185882062, 0.8880866425992779, 0.82, 0.9731543624161074, 0.968503937007874, 0.82, 0.973441305462197)
ACMEindependent1_10_HLA-A*02:06:(0.9505700428319476, 0.7777777777777778, 0.6030226891555273, 0.7241379310344828, 0.5833333333333334, 0.9722222222222222, 0.9545454545454546, 0.5833333333333334, 0.9468361269769852)
ACMEindependent1_10_HLA-A*02:07:(0.8858955282324379, 0.6858407079646017, 0.4693396640810579, 0.5477707006369427, 0.3805309734513274, 0.9911504424778761, 0.9772727272727273, 0.3805309734513274, 0.8999937357248406)
ACMEindependent1_10_HLA-A*02:11:(0.9325259515570934, 0.8823529411764706, 0.7647058823529411, 0.8823529411764706, 0.8823529411764706, 0.8823529411764706, 0.8823529411764706, 0.8823529411764706, 0.9444505007378016)
ACMEindependent1_10_HLA-A*02:17:(1.0, 0.6666666666666666, 0.4472135954999579, 0.5, 0.3333333333333333, 1.0, 1.0, 0.3333333333333333, 1.0)
ACMEindependent1_10_HLA-A*03:01:(0.9726210529130238, 0.8254113345521024, 0.6898453475457375, 0.7912568306010928, 0.6605839416058394, 0.9908424908424909, 0.9863760217983651, 0.6605839416058394, 0.9733705110330445)
ACMEindependent1_10_HLA-A*11:01:(0.9777126923308391, 0.8543151227236738, 0.7300459411761893, 0.8342342342342343, 0.7337559429477021, 0.9746835443037974, 0.9665970772442589, 0.7337559429477021, 0.9738848837994254)
ACMEindependent1_10_HLA-A*23:01:(0.979475884962814, 0.8559322033898306, 0.7360496190944207, 0.8349514563106796, 0.7288135593220338, 0.9830508474576272, 0.9772727272727273, 0.7288135593220338, 0.981148204092438)
ACMEindependent1_10_HLA-A*24:02:(0.9873782851561308, 0.8204419889502762, 0.6836315105624915, 0.782608695652174, 0.6464088397790055, 0.994475138121547, 0.9915254237288136, 0.6464088397790055, 0.9858193426906556)
ACMEindependent1_10_HLA-A*25:01:(0.9921894683799446, 0.5793650793650794, 0.29361010975735174, 0.27397260273972607, 0.15873015873015872, 1.0, 1.0, 0.15873015873015872, 0.9922804955911284)
ACMEindependent1_10_HLA-A*26:01:(0.9865298770459707, 0.7256637168141593, 0.5398412465054624, 0.6219512195121951, 0.45132743362831856, 1.0, 1.0, 0.45132743362831856, 0.9899006579610772)
ACMEindependent1_10_HLA-A*29:02:(0.9754208560758404, 0.8050847457627118, 0.6566369997746181, 0.760914760914761, 0.6203389830508474, 0.9898305084745763, 0.9838709677419355, 0.6203389830508474, 0.9783802138536501)
ACMEindependent1_10_HLA-A*30:01:(0.9520987654320987, 0.7277777777777777, 0.5431059093556048, 0.6259541984732825, 0.45555555555555555, 1.0, 1.0, 0.45555555555555555, 0.9527557844517149)
ACMEindependent1_10_HLA-A*30:02:(0.9835383991346676, 0.8430232558139535, 0.7225814098115934, 0.8137931034482759, 0.686046511627907, 1.0, 1.0, 0.686046511627907, 0.9874795276612996)
ACMEindependent1_10_HLA-A*31:01:(0.9566713412077664, 0.7300380228136882, 0.5346816280769727, 0.6377551020408163, 0.4752851711026616, 0.9847908745247148, 0.9689922480620154, 0.4752851711026616, 0.9540154025314798)
ACMEindependent1_10_HLA-A*32:01:(0.9618127228373053, 0.565068493150685, 0.2518600632846977, 0.23952095808383236, 0.136986301369863, 0.9931506849315068, 0.9523809523809523, 0.136986301369863, 0.94022521770877)
ACMEindependent1_10_HLA-A*33:01:(0.9627163331530557, 0.6686046511627907, 0.44431727445102426, 0.5086206896551724, 0.3430232558139535, 0.9941860465116279, 0.9833333333333333, 0.3430232558139535, 0.9612826369262465)
ACMEindependent1_10_HLA-A*66:01:(0.9884478050829657, 0.7608695652173914, 0.5940885257860046, 0.6857142857142856, 0.5217391304347826, 1.0, 1.0, 0.5217391304347826, 0.9887721571074413)
ACMEindependent1_10_HLA-A*68:01:(0.9694882854622096, 0.8217821782178217, 0.673982366937674, 0.7906976744186046, 0.6732673267326733, 0.9702970297029703, 0.9577464788732394, 0.6732673267326733, 0.9659970376003063)
ACMEindependent1_10_HLA-A*68:02:(0.9165580312272985, 0.7476340694006309, 0.5579703244824441, 0.6721311475409836, 0.5173501577287066, 0.9779179810725552, 0.9590643274853801, 0.5173501577287066, 0.9274511027552141)
ACMEindependent1_10_HLA-A*69:01:(0.9968, 0.78, 0.6236095644623235, 0.717948717948718, 0.56, 1.0, 1.0, 0.56, 0.996980056980057)
ACMEindependent1_10_HLA-B*07:02:(0.9843944854972884, 0.9030492572322126, 0.8217677820905723, 0.8929188255613126, 0.8065522620904836, 1.0, 1.0, 0.8065522620904836, 0.988407518274619)
ACMEindependent1_10_HLA-B*08:01:(0.9287167159763313, 0.5817307692307693, 0.27128043348732983, 0.304, 0.18269230769230768, 0.9807692307692307, 0.9047619047619048, 0.18269230769230768, 0.9036907862612423)
ACMEindependent1_10_HLA-B*13:02:(0.872396694214876, 0.5, nan, nan, 0.0, 1.0, nan, 0.0, 0.8934612337202096)
ACMEindependent1_10_HLA-B*14:02:(0.98046875, 0.5, nan, nan, 0.0, 1.0, nan, 0.0, 0.9828579938843007)
ACMEindependent1_10_HLA-B*15:01:(0.9826291953595137, 0.9370277078085643, 0.8754170241969201, 0.9354005167958657, 0.9095477386934674, 0.9646464646464646, 0.9627659574468085, 0.9095477386934674, 0.9818865295920441)
ACMEindependent1_10_HLA-B*15:02:(0.9497510185604345, 0.8226950354609929, 0.676080251349523, 0.7916666666666666, 0.6737588652482269, 0.9716312056737588, 0.9595959595959596, 0.6737588652482269, 0.9408851907426914)
ACMEindependent1_10_HLA-B*15:03:(0.9798765432098765, 0.9166666666666666, 0.833384778426035, 0.9171270718232044, 0.9222222222222223, 0.9111111111111111, 0.9120879120879121, 0.9222222222222223, 0.9717020480050109)
ACMEindependent1_10_HLA-B*15:11:(1.0, 1.0, 1.0, 1.0, 1.0, 1.0, 1.0, 1.0, 1.0)
ACMEindependent1_10_HLA-B*15:17:(0.9958847736625513, 0.9259259259259259, 0.8613567692141089, 0.92, 0.8518518518518519, 1.0, 1.0, 0.8518518518518519, 0.9962324393358872)
ACMEindependent1_10_HLA-B*18:01:(0.9826933477555434, 0.7790697674418605, 0.6221710168382552, 0.7164179104477612, 0.5581395348837209, 1.0, 1.0, 0.5581395348837209, 0.9888850717281334)
ACMEindependent1_10_HLA-B*27:01:(0.9966415423268215, 0.8405063291139241, 0.7158158533471338, 0.8108108108108107, 0.6852791878172588, 0.9949494949494949, 0.9926470588235294, 0.6852791878172588, 0.9962865688178607)
ACMEindependent1_10_HLA-B*27:02:(0.9769915597178864, 0.8145161290322581, 0.6658591600726325, 0.7781350482315114, 0.6505376344086021, 0.978494623655914, 0.968, 0.6505376344086021, 0.955471457861227)
ACMEindependent1_10_HLA-B*27:03:(0.9652777777777778, 0.5104166666666666, 0.10259783520851541, 0.04081632653061225, 0.020833333333333332, 1.0, 1.0, 0.020833333333333332, 0.9740884867918543)
ACMEindependent1_10_HLA-B*27:04:(0.9936111111111111, 0.8583333333333333, 0.7472894743280936, 0.8349514563106796, 0.7166666666666667, 1.0, 1.0, 0.7166666666666667, 0.9939646034114272)
ACMEindependent1_10_HLA-B*27:05:(0.803272447020601, 0.6970998925886144, 0.4804008829713779, 0.57847533632287, 0.4143468950749465, 0.9816810344827587, 0.9579207920792079, 0.4143468950749465, 0.8481336482032661)
ACMEindependent1_10_HLA-B*27:06:(0.9757785467128028, 0.7647058823529411, 0.5868178760488204, 0.7000000000000002, 0.5490196078431373, 0.9803921568627451, 0.9655172413793104, 0.5490196078431373, 0.9667223988477931)
ACMEindependent1_10_HLA-B*27:07:(0.9960997732426304, 0.8857142857142857, 0.7889402478850649, 0.8723404255319148, 0.780952380952381, 0.9904761904761905, 0.9879518072289156, 0.780952380952381, 0.9958010343292453)
ACMEindependent1_10_HLA-B*27:08:(0.9844527906367369, 0.9205607476635514, 0.8456017815031825, 0.916256157635468, 0.8691588785046729, 0.9719626168224299, 0.96875, 0.8691588785046729, 0.9807602781969919)
ACMEindependent1_10_HLA-B*27:09:(0.9234659405008087, 0.8461538461538461, 0.709238396506612, 0.8274111675126905, 0.7375565610859729, 0.9547511312217195, 0.9421965317919075, 0.7375565610859729, 0.9270632021172314)
ACMEindependent1_10_HLA-B*35:01:(0.9631799694966954, 0.768270944741533, 0.6008324676261246, 0.7018348623853211, 0.5444839857651246, 0.9928571428571429, 0.9870967741935484, 0.5444839857651246, 0.9711611698468199)
ACMEindependent1_10_HLA-B*35:03:(0.9984391259105099, 0.7338709677419355, 0.5525062514530825, 0.6373626373626373, 0.46774193548387094, 1.0, 1.0, 0.46774193548387094, 0.9985662295731965)
ACMEindependent1_10_HLA-B*35:08:(0.9646899049343594, 0.8297872340425532, 0.7014723744122017, 0.7948717948717948, 0.6595744680851063, 1.0, 1.0, 0.6595744680851063, 0.9741598674301264)
ACMEindependent1_10_HLA-B*37:01:(0.9861276258422513, 0.7988505747126436, 0.652862549237373, 0.7482014388489209, 0.5977011494252874, 1.0, 1.0, 0.5977011494252874, 0.9910457895001595)
ACMEindependent1_10_HLA-B*38:01:(0.9824517106425956, 0.7247191011235955, 0.5383819020581655, 0.6201550387596899, 0.449438202247191, 1.0, 1.0, 0.449438202247191, 0.982822994260832)
ACMEindependent1_10_HLA-B*39:01:(0.9992880028479886, 0.8773584905660378, 0.778498944161523, 0.8602150537634409, 0.7547169811320755, 1.0, 1.0, 0.7547169811320755, 0.9992878760678688)
ACMEindependent1_10_HLA-B*39:06:(1.0, 0.6111111111111112, 0.3535533905932738, 0.3636363636363636, 0.2222222222222222, 1.0, 1.0, 0.2222222222222222, 1.0)
ACMEindependent1_10_HLA-B*40:01:(0.992701925526881, 0.8929110105580694, 0.803475364559739, 0.8806722689075631, 0.7891566265060241, 0.9969788519637462, 0.9961977186311787, 0.7891566265060241, 0.9943690139778693)
ACMEindependent1_10_HLA-B*40:02:(0.9914649391976361, 0.8974970202622169, 0.8098159596407923, 0.8865435356200527, 0.801909307875895, 0.9928571428571429, 0.9911504424778761, 0.801909307875895, 0.9908730941047316)
ACMEindependent1_10_HLA-B*41:01:(0.93359375, 0.90625, 0.8140915784106943, 0.9032258064516129, 0.875, 0.9375, 0.9333333333333333, 0.875, 0.8586400190635388)
ACMEindependent1_10_HLA-B*44:02:(0.9868934240362812, 0.8547619047619047, 0.7403869525499304, 0.8305555555555556, 0.7119047619047619, 0.9976190476190476, 0.9966666666666667, 0.7119047619047619, 0.9889825310155734)
ACMEindependent1_10_HLA-B*44:03:(0.9963445299305687, 0.863013698630137, 0.753702138909945, 0.8417721518987341, 0.7287671232876712, 0.9972602739726028, 0.9962546816479401, 0.7287671232876712, 0.9969311950966843)
ACMEindependent1_10_HLA-B*44:27:(1.0, 0.9285714285714286, 0.8660254037844387, 0.923076923076923, 0.8571428571428571, 1.0, 1.0, 0.8571428571428571, 0.9999999999999999)
ACMEindependent1_10_HLA-B*45:01:(0.9539839999999999, 0.796, 0.6435025903499176, 0.7462686567164178, 0.6, 0.992, 0.9868421052631579, 0.6, 0.9608378716386803)
ACMEindependent1_10_HLA-B*46:01:(0.9226302801567716, 0.5421686746987951, 0.20982172726556322, 0.15555555555555556, 0.08433734939759036, 1.0, 1.0, 0.08433734939759036, 0.9333945211063561)
ACMEindependent1_10_HLA-B*49:01:(0.9855457540652566, 0.5489690721649485, 0.21642674182954888, 0.18604651162790695, 0.10309278350515463, 0.9948453608247423, 0.9523809523809523, 0.10309278350515463, 0.9723486140645662)
ACMEindependent1_10_HLA-B*50:01:(0.9869444444444444, 0.7333333333333333, 0.5516772843673705, 0.6363636363636364, 0.4666666666666667, 1.0, 1.0, 0.4666666666666667, 0.9909780853602816)
ACMEindependent1_10_HLA-B*51:01:(0.7842514124293786, 0.5382436260623229, 0.2026440560095333, 0.14659685863874347, 0.07909604519774012, 1.0, 1.0, 0.07909604519774012, 0.8357244363654435)
ACMEindependent1_10_HLA-B*51:08:(1.0, 0.5, nan, nan, 0.0, 1.0, nan, 0.0, 1.0)
ACMEindependent1_10_HLA-B*52:01:(0.4375, 0.5, nan, nan, 0.0, 1.0, nan, 0.0, 0.6071428571428571)
ACMEindependent1_10_HLA-B*53:01:(0.9764690329830127, 0.7560975609756098, 0.5867386940384682, 0.6774193548387097, 0.5121951219512195, 1.0, 1.0, 0.5121951219512195, 0.9810158865526288)
ACMEindependent1_10_HLA-B*54:01:(0.9507685453330362, 0.7611940298507462, 0.5945883900105632, 0.6862745098039216, 0.5223880597014925, 1.0, 1.0, 0.5223880597014925, 0.9600833793349678)
ACMEindependent1_10_HLA-B*56:01:(0.9767994567677682, 0.898936170212766, 0.8146881698903525, 0.8875739644970414, 0.7978723404255319, 1.0, 1.0, 0.7978723404255319, 0.9853332770723503)
ACMEindependent1_10_HLA-B*57:01:(0.9448398576512456, 0.6852400711321873, 0.47315310419167605, 0.5426356589147286, 0.3736654804270463, 0.9964454976303317, 0.9905660377358491, 0.3736654804270463, 0.9559284909411533)
ACMEindependent1_10_HLA-B*57:03:(0.9604601644289348, 0.6216640502354788, 0.37295773258150583, 0.39294710327455923, 0.2445141065830721, 1.0, 1.0, 0.2445141065830721, 0.9661350068711863)
ACMEindependent1_10_HLA-B*58:01:(0.9589175891758918, 0.8170055452865065, 0.6697713247927576, 0.7824175824175823, 0.6568265682656826, 0.9777777777777777, 0.967391304347826, 0.6568265682656826, 0.9644648398541313)
ACMEindependent1_10_HLA-B*73:01:(1.0, 0.6111111111111112, 0.3535533905932738, 0.3636363636363636, 0.2222222222222222, 1.0, 1.0, 0.2222222222222222, 1.0)
ACMEindependent1_11_HLA-A*01:01:(0.9786587520316585, 0.8383458646616542, 0.7154067533006981, 0.8080357142857142, 0.6779026217228464, 1.0, 1.0, 0.6779026217228464, 0.9814489213080869)
ACMEindependent1_11_HLA-A*02:01:(0.9280968551601948, 0.723342939481268, 0.5185266980828555, 0.6298200514138818, 0.47024952015355087, 0.9769230769230769, 0.953307392996109, 0.47024952015355087, 0.9257316747932649)
ACMEindependent1_11_HLA-A*02:02:(0.9870200108166576, 0.8953488372093024, 0.8086075400626399, 0.8831168831168831, 0.7906976744186046, 1.0, 1.0, 0.7906976744186046, 0.9880565507015249)
ACMEindependent1_11_HLA-A*02:03:(0.9204389574759945, 0.7407407407407407, 0.518343944838785, 0.6818181818181819, 0.5555555555555556, 0.9259259259259259, 0.8823529411764706, 0.5555555555555556, 0.9107701002108326)
ACMEindependent1_11_HLA-A*02:04:(0.9303999999999999, 0.68, 0.45, 0.5428571428571428, 0.38, 0.98, 0.95, 0.38, 0.9078357170728228)
ACMEindependent1_11_HLA-A*02:05:(0.9403292181069959, 0.7314814814814815, 0.5488212999484517, 0.6329113924050632, 0.46296296296296297, 1.0, 1.0, 0.46296296296296297, 0.952940649600564)
ACMEindependent1_11_HLA-A*02:06:(0.9190672153635117, 0.7037037037037037, 0.5057805388588732, 0.5789473684210525, 0.4074074074074074, 1.0, 1.0, 0.4074074074074074, 0.9286495967808286)
ACMEindependent1_11_HLA-A*02:07:(0.9220987654320988, 0.6111111111111112, 0.33922676577637917, 0.375, 0.23333333333333334, 0.9888888888888889, 0.9545454545454546, 0.23333333333333334, 0.9262841685904493)
ACMEindependent1_11_HLA-A*02:11:(0.9762962962962962, 0.9222222222222223, 0.8497058314499201, 0.9176470588235294, 0.8666666666666667, 0.9777777777777777, 0.975, 0.8666666666666667, 0.9787996552982812)
ACMEindependent1_11_HLA-A*03:01:(0.9786052351975273, 0.6658476658476659, 0.4450051198022853, 0.4962962962962963, 0.33004926108374383, 1.0, 1.0, 0.33004926108374383, 0.9821968853430462)
ACMEindependent1_11_HLA-A*11:01:(0.9766347107438016, 0.8109090909090909, 0.6717047975802676, 0.7668161434977578, 0.6218181818181818, 1.0, 1.0, 0.6218181818181818, 0.9831932448547966)
ACMEindependent1_11_HLA-A*23:01:(0.9925, 0.875, 0.7745966692414834, 0.8571428571428571, 0.75, 1.0, 1.0, 0.75, 0.9939223336258864)
ACMEindependent1_11_HLA-A*24:02:(0.9908937863483318, 0.7702020202020202, 0.6084753195758, 0.7016393442622951, 0.5404040404040404, 1.0, 1.0, 0.5404040404040404, 0.9917394305780474)
ACMEindependent1_11_HLA-A*25:01:(1.0, 0.5384615384615384, 0.2, 0.14285714285714288, 0.07692307692307693, 1.0, 1.0, 0.07692307692307693, 1.0)
ACMEindependent1_11_HLA-A*26:01:(0.9084287200832466, 0.6129032258064516, 0.35675303400633784, 0.3684210526315789, 0.22580645161290322, 1.0, 1.0, 0.22580645161290322, 0.9283853316957721)
ACMEindependent1_11_HLA-A*29:02:(0.973360118787667, 0.7897196261682243, 0.6386663736585051, 0.7337278106508875, 0.5794392523364486, 1.0, 1.0, 0.5794392523364486, 0.9813388678783871)
ACMEindependent1_11_HLA-A*30:01:(0.8999081726354454, 0.5909090909090909, 0.31622776601683794, 0.3076923076923077, 0.18181818181818182, 1.0, 1.0, 0.18181818181818182, 0.9310381826069013)
ACMEindependent1_11_HLA-A*30:02:(0.9822714681440443, 0.8315789473684211, 0.6989222472437887, 0.8, 0.6736842105263158, 0.9894736842105263, 0.9846153846153847, 0.6736842105263158, 0.9809438606676487)
ACMEindependent1_11_HLA-A*31:01:(0.9663065843621399, 0.7314814814814815, 0.5345835825829869, 0.6419753086419752, 0.48148148148148145, 0.9814814814814815, 0.9629629629629629, 0.48148148148148145, 0.9654560948912607)
ACMEindependent1_11_HLA-A*32:01:(0.9846131514007839, 0.8072289156626506, 0.6590115398973041, 0.7647058823529412, 0.6265060240963856, 0.9879518072289156, 0.9811320754716981, 0.6265060240963856, 0.9849782500278832)
ACMEindependent1_11_HLA-A*33:01:(0.9700000000000001, 0.6642857142857143, 0.4433747811741175, 0.4946236559139785, 0.32857142857142857, 1.0, 1.0, 0.32857142857142857, 0.9668856864839007)
ACMEindependent1_11_HLA-A*66:01:(1.0, 0.5555555555555556, 0.24253562503633297, 0.19999999999999998, 0.1111111111111111, 1.0, 1.0, 0.1111111111111111, 0.9999999999999998)
ACMEindependent1_11_HLA-A*68:01:(0.9842863894139886, 0.8695652173913043, 0.7572401854185358, 0.853658536585366, 0.7608695652173914, 0.9782608695652174, 0.9722222222222222, 0.7608695652173914, 0.9811344565065154)
ACMEindependent1_11_HLA-A*68:02:(0.8425378040762657, 0.6923076923076923, 0.48795003647426666, 0.5555555555555556, 0.38461538461538464, 1.0, 1.0, 0.38461538461538464, 0.8907759211405296)
ACMEindependent1_11_HLA-A*69:01:(1.0, 1.0, 1.0, 1.0, 1.0, 1.0, 1.0, 1.0, 1.0)
ACMEindependent1_11_HLA-B*07:02:(0.9755281192595733, 0.8974739970282318, 0.8083890008443909, 0.8874388254486134, 0.8071216617210683, 0.9880952380952381, 0.9855072463768116, 0.8071216617210683, 0.9810885861513856)
ACMEindependent1_11_HLA-B*08:01:(0.9325281132861306, 0.6326530612244898, 0.36843313082233825, 0.43749999999999994, 0.2857142857142857, 0.9795918367346939, 0.9333333333333333, 0.2857142857142857, 0.926166996989366)
ACMEindependent1_11_HLA-B*13:02:(0.9297052154195011, 0.5, nan, nan, 0.0, 1.0, nan, 0.0, 0.945054395202584)
ACMEindependent1_11_HLA-B*14:02:(1.0, 0.5, nan, nan, 0.0, 1.0, nan, 0.0, 1.0)
ACMEindependent1_11_HLA-B*15:01:(0.9726240046752868, 0.9401709401709402, 0.8824070499689258, 0.9380530973451328, 0.905982905982906, 0.9743589743589743, 0.9724770642201835, 0.905982905982906, 0.9762961816799935)
ACMEindependent1_11_HLA-B*15:02:(0.943125, 0.7875, 0.6352234031660237, 0.7301587301587301, 0.575, 1.0, 1.0, 0.575, 0.9532838998832749)
ACMEindependent1_11_HLA-B*15:03:(0.9586776859504131, 0.9393939393939394, 0.8804062740424287, 0.9411764705882354, 0.9696969696969697, 0.9090909090909091, 0.9142857142857143, 0.9696969696969697, 0.8798501472338864)
ACMEindependent1_11_HLA-B*15:11:(1.0, 1.0, 1.0, 1.0, 1.0, 1.0, 1.0, 1.0, 1.0)
ACMEindependent1_11_HLA-B*15:17:(0.9682539682539683, 0.9047619047619048, 0.8132202844993978, 0.9, 0.8571428571428571, 0.9523809523809523, 0.9473684210526315, 0.8571428571428571, 0.9666701229875951)
ACMEindependent1_11_HLA-B*18:01:(0.9722222222222223, 0.5833333333333334, 0.30151134457776363, 0.2857142857142857, 0.16666666666666666, 1.0, 1.0, 0.16666666666666666, 0.9742063492063491)
ACMEindependent1_11_HLA-B*18:03:(1.0, 1.0, 1.0, 1.0, 1.0, 1.0, 1.0, 1.0, 1.0)
ACMEindependent1_11_HLA-B*27:01:(0.9700505350772889, 0.5517241379310345, 0.2041241452319315, 0.21212121212121213, 0.1206896551724138, 0.9827586206896551, 0.875, 0.1206896551724138, 0.9155263186622983)
ACMEindependent1_11_HLA-B*27:02:(0.9961805555555555, 0.6833333333333333, 0.47380354147934284, 0.5365853658536585, 0.36666666666666664, 1.0, 1.0, 0.36666666666666664, 0.996895817728)
ACMEindependent1_11_HLA-B*27:03:(0.9881656804733728, 0.5, nan, nan, 0.0, 1.0, nan, 0.0, 0.9872068802386329)
ACMEindependent1_11_HLA-B*27:04:(0.9896449704142012, 0.8653846153846154, 0.7587869106393282, 0.8444444444444443, 0.7307692307692307, 1.0, 1.0, 0.7307692307692307, 0.991714015151515)
ACMEindependent1_11_HLA-B*27:05:(0.7239173176045486, 0.5762021189894051, 0.27603148314903375, 0.2777777777777778, 0.16260162601626016, 0.9918300653594772, 0.9523809523809523, 0.16260162601626016, 0.7758317058323337)
ACMEindependent1_11_HLA-B*27:06:(1.0, 0.7, 0.5, 0.5714285714285715, 0.4, 1.0, 1.0, 0.4, 1.0)
ACMEindependent1_11_HLA-B*27:07:(0.9884439666756248, 0.7786885245901639, 0.621581560508061, 0.7157894736842105, 0.5573770491803278, 1.0, 1.0, 0.5573770491803278, 0.9869340093864002)
ACMEindependent1_11_HLA-B*27:08:(0.9797333333333333, 0.7, 0.5, 0.5714285714285715, 0.4, 1.0, 1.0, 0.4, 0.9803950570063333)
ACMEindependent1_11_HLA-B*27:09:(0.9418270184487205, 0.7112676056338029, 0.5175491695067657, 0.5940594059405941, 0.4225352112676056, 1.0, 1.0, 0.4225352112676056, 0.9555631687592105)
ACMEindependent1_11_HLA-B*35:01:(0.925184784568235, 0.8488372093023255, 0.7216878364870323, 0.8266666666666667, 0.7209302325581395, 0.9767441860465116, 0.96875, 0.7209302325581395, 0.9459862297721628)
ACMEindependent1_11_HLA-B*35:03:(1.0, 0.8108108108108109, 0.6715507368448513, 0.7666666666666667, 0.6216216216216216, 1.0, 1.0, 0.6216216216216216, 1.0)
ACMEindependent1_11_HLA-B*35:08:(0.9382716049382716, 0.9259259259259259, 0.8613567692141089, 0.92, 0.8518518518518519, 1.0, 1.0, 0.8518518518518519, 0.9611673784469892)
ACMEindependent1_11_HLA-B*37:01:(0.930795847750865, 0.8529411764705882, 0.7385489458759965, 0.8275862068965517, 0.7058823529411765, 1.0, 1.0, 0.7058823529411765, 0.9504764439712536)
ACMEindependent1_11_HLA-B*38:01:(0.99609375, 0.65625, 0.43033148291193524, 0.47619047619047616, 0.3125, 1.0, 1.0, 0.3125, 0.9962369347571103)
ACMEindependent1_11_HLA-B*39:01:(0.9804081632653061, 0.8571428571428571, 0.7337090886046865, 0.8387096774193549, 0.7428571428571429, 0.9714285714285714, 0.9629629629629629, 0.7428571428571429, 0.9714625691886155)
ACMEindependent1_11_HLA-B*39:06:(0.986111111111111, 0.6666666666666666, 0.4472135954999579, 0.5, 0.3333333333333333, 1.0, 1.0, 0.3333333333333333, 0.9860625485625485)
ACMEindependent1_11_HLA-B*39:24:(1.0, 1.0, 1.0, 1.0, 1.0, 1.0, 1.0, 1.0, 1.0)
ACMEindependent1_11_HLA-B*40:01:(0.9968065031209173, 0.9698795180722891, 0.9400319838808434, 0.9695121951219512, 0.9578313253012049, 0.9819277108433735, 0.9814814814814815, 0.9578313253012049, 0.9966720489758294)
ACMEindependent1_11_HLA-B*40:02:(0.971280276816609, 0.9264705882352942, 0.8562809632683642, 0.923076923076923, 0.8823529411764706, 0.9705882352941176, 0.967741935483871, 0.8823529411764706, 0.9553200121045984)
ACMEindependent1_11_HLA-B*41:01:(1.0, 0.9166666666666666, 0.8451542547285166, 0.9090909090909091, 0.8333333333333334, 1.0, 1.0, 0.8333333333333334, 1.0)
ACMEindependent1_11_HLA-B*44:02:(0.9878308002975874, 0.8969072164948454, 0.8078454055260197, 0.8863636363636364, 0.8041237113402062, 0.9896907216494846, 0.9873417721518988, 0.8041237113402062, 0.9892288938462194)
ACMEindependent1_11_HLA-B*44:03:(0.9957542001460921, 0.9391891891891891, 0.8823348759066487, 0.9361702127659575, 0.8918918918918919, 0.9864864864864865, 0.9850746268656716, 0.8918918918918919, 0.9957243046490211)
ACMEindependent1_11_HLA-B*44:27:(1.0, 0.9545454545454546, 0.9128709291752768, 0.9523809523809523, 0.9090909090909091, 1.0, 1.0, 0.9090909090909091, 1.0)
ACMEindependent1_11_HLA-B*45:01:(0.943310657596372, 0.8690476190476191, 0.755648171598035, 0.8533333333333334, 0.7619047619047619, 0.9761904761904762, 0.9696969696969697, 0.7619047619047619, 0.958925016148586)
ACMEindependent1_11_HLA-B*46:01:(0.8975, 0.525, 0.16012815380508713, 0.09523809523809523, 0.05, 1.0, 1.0, 0.05, 0.9251242780734469)
ACMEindependent1_11_HLA-B*49:01:(0.9900041649312785, 0.6122448979591837, 0.35557950110937975, 0.36666666666666664, 0.22448979591836735, 1.0, 1.0, 0.22448979591836735, 0.993013983642705)
ACMEindependent1_11_HLA-B*50:01:(0.8979591836734695, 0.7142857142857143, 0.5222329678670935, 0.6, 0.42857142857142855, 1.0, 1.0, 0.42857142857142855, 0.9274561417418559)
ACMEindependent1_11_HLA-B*51:01:(0.8728377746610566, 0.518918918918919, 0.1290840235697122, 0.06315789473684211, 0.03260869565217391, 1.0, 1.0, 0.03260869565217391, 0.8817124594333106)
ACMEindependent1_11_HLA-B*51:08:(0.888888888888889, 0.5, nan, nan, 0.0, 1.0, nan, 0.0, 0.9027777777777777)
ACMEindependent1_11_HLA-B*52:01:(0.7777777777777778, 0.5, nan, nan, 0.0, 1.0, nan, 0.0, 0.8500000000000001)
ACMEindependent1_11_HLA-B*53:01:(0.9738775510204082, 0.8428571428571429, 0.7223151185146152, 0.8135593220338984, 0.6857142857142857, 1.0, 1.0, 0.6857142857142857, 0.9850287650025046)
ACMEindependent1_11_HLA-B*54:01:(0.9733333333333334, 0.7, 0.5, 0.5714285714285715, 0.4, 1.0, 1.0, 0.4, 0.9790396195387852)
ACMEindependent1_11_HLA-B*56:01:(0.9629321116201582, 0.7244897959183674, 0.5380275868489703, 0.6197183098591549, 0.4489795918367347, 1.0, 1.0, 0.4489795918367347, 0.9716229811157713)
ACMEindependent1_11_HLA-B*57:01:(0.9506114394225501, 0.7243675099866844, 0.5362170973137657, 0.6222627737226277, 0.45285524568393093, 0.9973297730307076, 0.9941690962099126, 0.45285524568393093, 0.9609147569030867)
ACMEindependent1_11_HLA-B*57:03:(0.9625867323221019, 0.6887966804979253, 0.48242779033760647, 0.5481927710843374, 0.3775933609958506, 1.0, 1.0, 0.3775933609958506, 0.9636752497475017)
ACMEindependent1_11_HLA-B*58:01:(0.9652133580705009, 0.9253246753246753, 0.857198415995095, 0.9204152249134949, 0.8636363636363636, 0.987012987012987, 0.9851851851851852, 0.8636363636363636, 0.966754598033343)
ACMEindependent1_11_HLA-B*73:01:(1.0, 0.625, 0.3779644730092272, 0.4, 0.25, 1.0, 1.0, 0.25, 1.0)
ACMEindependent1_12_HLA-A*01:01:(0.9828686200378073, 0.8777173913043478, 0.7749175959399041, 0.8623853211009174, 0.7663043478260869, 0.9891304347826086, 0.986013986013986, 0.7663043478260869, 0.9830174377195839)
ACMEindependent1_12_HLA-A*02:01:(0.9248194235857827, 0.7885835095137421, 0.6267981990656908, 0.738219895287958, 0.5949367088607594, 0.9830508474576272, 0.9724137931034482, 0.5949367088607594, 0.9360121400792716)
ACMEindependent1_12_HLA-A*02:02:(0.9305555555555555, 0.875, 0.7745966692414834, 0.8571428571428571, 0.75, 1.0, 1.0, 0.75, 0.9612193362193362)
ACMEindependent1_12_HLA-A*02:03:(0.9259259259259259, 0.8888888888888888, 0.7977240352174656, 0.8750000000000001, 0.7777777777777778, 1.0, 1.0, 0.7777777777777778, 0.9409306742640078)
ACMEindependent1_12_HLA-A*02:04:(0.8148148148148148, 0.7222222222222222, 0.5345224838248488, 0.6153846153846153, 0.4444444444444444, 1.0, 1.0, 0.4444444444444444, 0.8555529619255109)
ACMEindependent1_12_HLA-A*02:05:(0.9166666666666667, 0.8333333333333334, 0.7071067811865476, 0.8, 0.6666666666666666, 1.0, 1.0, 0.6666666666666666, 0.9409722222222221)
ACMEindependent1_12_HLA-A*02:06:(1.0, 1.0, 1.0, 1.0, 1.0, 1.0, 1.0, 1.0, 1.0)
ACMEindependent1_12_HLA-A*02:07:(0.74, 0.7, 0.5, 0.5714285714285715, 0.4, 1.0, 1.0, 0.4, 0.8101832399626517)
ACMEindependent1_12_HLA-A*02:11:(0.9090909090909092, 0.8181818181818182, 0.647150228929434, 0.7999999999999999, 0.7272727272727273, 0.9090909090909091, 0.8888888888888888, 0.7272727272727273, 0.8946775446775448)
ACMEindependent1_12_HLA-A*03:01:(0.9821222606689735, 0.8872549019607843, 0.7883069581077761, 0.8756756756756757, 0.7941176470588235, 0.9803921568627451, 0.9759036144578314, 0.7941176470588235, 0.9850599931677104)
ACMEindependent1_12_HLA-A*11:01:(0.9618650857234416, 0.9113924050632911, 0.8230486077640519, 0.9102564102564102, 0.8987341772151899, 0.9240506329113924, 0.922077922077922, 0.8987341772151899, 0.9706595622077763)
ACMEindependent1_12_HLA-A*23:01:(0.8755555555555555, 0.7666666666666667, 0.6030226891555273, 0.6956521739130436, 0.5333333333333333, 1.0, 1.0, 0.5333333333333333, 0.9332907620263942)
ACMEindependent1_12_HLA-A*24:02:(0.9556932966023874, 0.6742424242424242, 0.4593573492521118, 0.5168539325842696, 0.3484848484848485, 1.0, 1.0, 0.3484848484848485, 0.9649445480715987)
ACMEindependent1_12_HLA-A*25:01:(1.0, 0.5, nan, nan, 0.0, 1.0, nan, 0.0, 1.0)
ACMEindependent1_12_HLA-A*26:01:(1.0, 0.75, 0.5773502691896257, 0.6666666666666666, 0.5, 1.0, 1.0, 0.5, 1.0)
ACMEindependent1_12_HLA-A*29:02:(0.9618671926364234, 0.8846153846153846, 0.7905694150420949, 0.8695652173913044, 0.7692307692307693, 1.0, 1.0, 0.7692307692307693, 0.9757599243946738)
ACMEindependent1_12_HLA-A*30:01:(0.8775510204081632, 0.7142857142857143, 0.4472135954999579, 0.6666666666666666, 0.5714285714285714, 0.8571428571428571, 0.8, 0.5714285714285714, 0.8441609977324263)
ACMEindependent1_12_HLA-A*30:02:(0.9062500000000001, 0.825, 0.6713171133426189, 0.8, 0.7, 0.95, 0.9333333333333333, 0.7, 0.9014268307591264)
ACMEindependent1_12_HLA-A*31:01:(0.9230769230769231, 0.8461538461538461, 0.7073493980340322, 0.8285714285714285, 0.7435897435897436, 0.9487179487179487, 0.9354838709677419, 0.7435897435897436, 0.944146370465818)
ACMEindependent1_12_HLA-A*32:01:(0.9652777777777777, 0.875, 0.7745966692414834, 0.8571428571428571, 0.75, 1.0, 1.0, 0.75, 0.9747242647058822)
ACMEindependent1_12_HLA-A*33:01:(1.0, 0.8076923076923077, 0.6666666666666666, 0.761904761904762, 0.6153846153846154, 1.0, 1.0, 0.6153846153846154, 1.0)
ACMEindependent1_12_HLA-A*66:01:(0.9400000000000001, 0.7, 0.5, 0.5714285714285715, 0.4, 1.0, 1.0, 0.4, 0.9512387612387613)
ACMEindependent1_12_HLA-A*68:01:(0.9812244897959184, 0.9571428571428572, 0.9146591207600471, 0.9565217391304348, 0.9428571428571428, 0.9714285714285714, 0.9705882352941176, 0.9428571428571428, 0.9734353583042618)
ACMEindependent1_12_HLA-A*68:02:(0.8251041046995836, 0.7073170731707317, 0.5114083119567588, 0.5862068965517241, 0.4146341463414634, 1.0, 1.0, 0.4146341463414634, 0.8732025892577133)
ACMEindependent1_12_HLA-B*07:02:(0.9647402042150798, 0.9042553191489362, 0.8144519459327019, 0.8981132075471698, 0.8439716312056738, 0.9645390070921985, 0.9596774193548387, 0.8439716312056738, 0.966190854805676)
ACMEindependent1_12_HLA-B*08:01:(0.8869665513264129, 0.5686274509803921, 0.27144835701531844, 0.24137931034482762, 0.13725490196078433, 1.0, 1.0, 0.13725490196078433, 0.9085946273348304)
ACMEindependent1_12_HLA-B*13:02:(0.875, 0.5, nan, nan, 0.0, 1.0, nan, 0.0, 0.9083333333333333)
ACMEindependent1_12_HLA-B*14:02:(0.75, 0.5, nan, nan, 0.0, 1.0, nan, 0.0, 0.8660714285714286)
ACMEindependent1_12_HLA-B*15:01:(0.918609967992684, 0.8641975308641975, 0.7430353334402625, 0.8493150684931506, 0.7654320987654321, 0.9629629629629629, 0.9538461538461539, 0.7654320987654321, 0.9239245531059792)
ACMEindependent1_12_HLA-B*15:02:(0.6875, 0.75, 0.5773502691896258, 0.6666666666666666, 0.5, 1.0, 1.0, 0.5, 0.7941964285714286)
ACMEindependent1_12_HLA-B*15:03:(1.0, 1.0, 1.0, 1.0, 1.0, 1.0, 1.0, 1.0, 1.0)
ACMEindependent1_12_HLA-B*15:11:(1.0, 0.5, nan, nan, 0.0, 1.0, nan, 0.0, 1.0)
ACMEindependent1_12_HLA-B*15:17:(1.0, 0.9285714285714286, 0.8660254037844387, 0.9333333333333333, 1.0, 0.8571428571428571, 0.875, 1.0, 0.9999999999999998)
ACMEindependent1_12_HLA-B*18:01:(1.0, 0.75, 0.5773502691896258, 0.6666666666666666, 0.5, 1.0, 1.0, 0.5, 1.0)
ACMEindependent1_12_HLA-B*27:01:(0.99875, 0.7875, 0.6352234031660237, 0.7301587301587301, 0.575, 1.0, 1.0, 0.575, 0.9987496091307067)
ACMEindependent1_12_HLA-B*27:02:(0.9455555555555556, 0.625, 0.35846617851926343, 0.4155844155844156, 0.26666666666666666, 0.9833333333333333, 0.9411764705882353, 0.26666666666666666, 0.9352225289506555)
ACMEindependent1_12_HLA-B*27:03:(0.9822222222222222, 0.5, nan, nan, 0.0, 1.0, nan, 0.0, 0.9808043345543345)
ACMEindependent1_12_HLA-B*27:04:(0.984375, 0.8125, 0.674199862463242, 0.7692307692307693, 0.625, 1.0, 1.0, 0.625, 0.9852430555555556)
ACMEindependent1_12_HLA-B*27:05:(0.6457361706302626, 0.5976174718729318, 0.31056031661457506, 0.3448275862068965, 0.21136063408190225, 0.9854111405835544, 0.935672514619883, 0.21136063408190225, 0.7214760185307347)
ACMEindependent1_12_HLA-B*27:06:(0.9400000000000001, 0.65, 0.420084025208403, 0.4615384615384615, 0.3, 1.0, 1.0, 0.3, 0.96125)
ACMEindependent1_12_HLA-B*27:07:(0.96875, 0.7708333333333334, 0.609449400220044, 0.7027027027027027, 0.5416666666666666, 1.0, 1.0, 0.5416666666666666, 0.9754194913341081)
ACMEindependent1_12_HLA-B*27:08:(0.960514233241506, 0.7878787878787878, 0.6358107573397419, 0.7307692307692308, 0.5757575757575758, 1.0, 1.0, 0.5757575757575758, 0.9697294816708917)
ACMEindependent1_12_HLA-B*27:09:(0.8301248699271592, 0.7983870967741935, 0.6426284637199843, 0.7524752475247525, 0.6129032258064516, 0.9838709677419355, 0.9743589743589743, 0.6129032258064516, 0.8858289545286332)
ACMEindependent1_12_HLA-B*35:01:(0.8239590942293644, 0.7567567567567568, 0.5695161168636717, 0.6896551724137931, 0.5405405405405406, 0.972972972972973, 0.9523809523809523, 0.5405405405405406, 0.8709964484242452)
ACMEindependent1_12_HLA-B*35:03:(1.0, 0.5, nan, nan, 0.0, 1.0, nan, 0.0, 1.0)
ACMEindependent1_12_HLA-B*35:08:(0.0, 0.5, nan, nan, 0.0, 1.0, nan, 0.0, 0.29166666666666663)
ACMEindependent1_12_HLA-B*37:01:(1.0, 0.5, nan, nan, 0.0, 1.0, nan, 0.0, 1.0)
ACMEindependent1_12_HLA-B*38:01:(1.0, 0.5555555555555556, 0.24253562503633297, 0.19999999999999998, 0.1111111111111111, 1.0, 1.0, 0.1111111111111111, 1.0)
ACMEindependent1_12_HLA-B*39:01:(1.0, 1.0, 1.0, 1.0, 1.0, 1.0, 1.0, 1.0, 1.0)
ACMEindependent1_12_HLA-B*39:06:(1.0, 0.6666666666666666, 0.4472135954999579, 0.5, 0.3333333333333333, 1.0, 1.0, 0.3333333333333333, 1.0)
ACMEindependent1_12_HLA-B*40:01:(0.9917534722222223, 0.9583333333333334, 0.917463421851129, 0.9591836734693877, 0.9791666666666666, 0.9375, 0.94, 0.9791666666666666, 0.9938358304299129)
ACMEindependent1_12_HLA-B*40:02:(0.9600166597251146, 0.9183673469387755, 0.8367346938775511, 0.9183673469387755, 0.9183673469387755, 0.9183673469387755, 0.9183673469387755, 0.9183673469387755, 0.9756125920468999)
ACMEindependent1_12_HLA-B*41:01:(1.0, 1.0, 1.0, 1.0, 1.0, 1.0, 1.0, 1.0, 1.0)
ACMEindependent1_12_HLA-B*44:02:(0.9824826989619377, 0.9338235294117647, 0.8753477972976034, 0.9291338582677166, 0.8676470588235294, 1.0, 1.0, 0.8676470588235294, 0.9852508181470333)
ACMEindependent1_12_HLA-B*44:03:(0.9853975121687398, 0.9186046511627907, 0.8429272304235246, 0.9135802469135803, 0.8604651162790697, 0.9767441860465116, 0.9736842105263158, 0.8604651162790697, 0.9863320199629861)
ACMEindependent1_12_HLA-B*44:27:(1.0, 1.0, 1.0, 1.0, 1.0, 1.0, 1.0, 1.0, 1.0)
ACMEindependent1_12_HLA-B*45:01:(1.0, 1.0, 1.0, 1.0, 1.0, 1.0, 1.0, 1.0, 1.0)
ACMEindependent1_12_HLA-B*46:01:(0.7551020408163265, 0.5, nan, nan, 0.0, 1.0, nan, 0.0, 0.8369463869463869)
ACMEindependent1_12_HLA-B*49:01:(0.7755102040816326, 0.7857142857142857, 0.6324555320336759, 0.7272727272727273, 0.5714285714285714, 1.0, 1.0, 0.5714285714285714, 0.8655067155067153)
ACMEindependent1_12_HLA-B*50:01:(0.7777777777777779, 0.5, 0.0, 0.4, 0.3333333333333333, 0.6666666666666666, 0.5, 0.3333333333333333, 0.7638888888888888)
ACMEindependent1_12_HLA-B*51:01:(0.8776036500694308, 0.5, nan, nan, 0.0, 1.0, nan, 0.0, 0.8771970163218433)
ACMEindependent1_12_HLA-B*51:08:(1.0, 0.5, nan, nan, 0.0, 1.0, nan, 0.0, 1.0)
ACMEindependent1_12_HLA-B*52:01:(1.0, 0.5, nan, nan, 0.0, 1.0, nan, 0.0, 1.0)
ACMEindependent1_12_HLA-B*53:01:(0.9652777777777778, 0.875, 0.7526178090063816, 0.8695652173913043, 0.8333333333333334, 0.9166666666666666, 0.9090909090909091, 0.8333333333333334, 0.9594737438487438)
ACMEindependent1_12_HLA-B*54:01:(0.979591836734694, 0.8571428571428571, 0.7453559924999299, 0.8333333333333333, 0.7142857142857143, 1.0, 1.0, 0.7142857142857143, 0.9808673469387754)
ACMEindependent1_12_HLA-B*56:01:(0.9834710743801652, 0.6818181818181818, 0.4714045207910317, 0.5333333333333333, 0.36363636363636365, 1.0, 1.0, 0.36363636363636365, 0.9854312354312356)
ACMEindependent1_12_HLA-B*57:01:(0.9228396035854058, 0.8426966292134831, 0.7153856577216254, 0.8163934426229508, 0.699438202247191, 0.9859550561797753, 0.9803149606299213, 0.699438202247191, 0.9438509073075362)
ACMEindependent1_12_HLA-B*57:03:(0.9252400548696845, 0.7962962962962963, 0.6488856845230501, 0.7441860465116279, 0.5925925925925926, 1.0, 1.0, 0.5925925925925926, 0.9522651012286394)
ACMEindependent1_12_HLA-B*58:01:(0.9605624142661179, 0.8888888888888888, 0.7977240352174656, 0.8750000000000001, 0.7777777777777778, 1.0, 1.0, 0.7777777777777778, 0.9719345033840681)
ACMEindependent1_12_HLA-B*73:01:(1.0, 0.5, nan, nan, 0.0, 1.0, nan, 0.0, 1.0)
ACMEindependent1_13_HLA-A*01:01:(0.9906663420176933, 0.9144144144144144, 0.8387237011128936, 0.9073170731707317, 0.8378378378378378, 0.990990990990991, 0.9893617021276596, 0.8378378378378378, 0.9890558787648506)
ACMEindependent1_13_HLA-A*02:01:(0.9060876384668171, 0.7326732673267327, 0.5506594287321456, 0.6351351351351352, 0.46534653465346537, 1.0, 1.0, 0.46534653465346537, 0.9272806417375308)
ACMEindependent1_13_HLA-A*02:02:(0.9166666666666667, 0.75, 0.5773502691896257, 0.6666666666666666, 0.5, 1.0, 1.0, 0.5, 0.9409722222222221)
ACMEindependent1_13_HLA-A*02:03:(0.888888888888889, 0.8333333333333334, 0.7071067811865476, 0.8, 0.6666666666666666, 1.0, 1.0, 0.6666666666666666, 0.9027777777777777)
ACMEindependent1_13_HLA-A*02:05:(0.888888888888889, 0.8333333333333334, 0.7071067811865476, 0.8, 0.6666666666666666, 1.0, 1.0, 0.6666666666666666, 0.9027777777777777)
ACMEindependent1_13_HLA-A*02:07:(0.22222222222222224, 0.5, nan, nan, 0.0, 1.0, nan, 0.0, 0.34444444444444444)
ACMEindependent1_13_HLA-A*02:11:(1.0, 1.0, 1.0, 1.0, 1.0, 1.0, 1.0, 1.0, 1.0)
ACMEindependent1_13_HLA-A*03:01:(0.9598765432098766, 0.8333333333333334, 0.6837634587578277, 0.8125000000000001, 0.7222222222222222, 0.9444444444444444, 0.9285714285714286, 0.7222222222222222, 0.9584254286886428)
ACMEindependent1_13_HLA-A*11:01:(0.9413265306122449, 0.875, 0.7745966692414833, 0.8571428571428571, 0.75, 1.0, 1.0, 0.75, 0.9550073356712584)
ACMEindependent1_13_HLA-A*23:01:(0.68, 0.55, 0.22941573387056174, 0.18181818181818182, 0.1, 1.0, 1.0, 0.1, 0.7797734225269054)
ACMEindependent1_13_HLA-A*24:02:(0.9276791584483892, 0.6410256410256411, 0.4051902077760665, 0.44000000000000006, 0.28205128205128205, 1.0, 1.0, 0.28205128205128205, 0.9323909500714017)
ACMEindependent1_13_HLA-A*25:01:(1.0, 0.5, nan, nan, 0.0, 1.0, nan, 0.0, 1.0)
ACMEindependent1_13_HLA-A*26:01:(1.0, 0.625, 0.3779644730092272, 0.4, 0.25, 1.0, 1.0, 0.25, 1.0)
ACMEindependent1_13_HLA-A*29:02:(0.971480307831598, 0.776595744680851, 0.6183469424008423, 0.7123287671232876, 0.5531914893617021, 1.0, 1.0, 0.5531914893617021, 0.9772241247721885)
ACMEindependent1_13_HLA-A*30:01:(1.0, 0.8333333333333334, 0.7071067811865476, 0.8, 0.6666666666666666, 1.0, 1.0, 0.6666666666666666, 1.0)
ACMEindependent1_13_HLA-A*30:02:(0.9550173010380623, 0.7941176470588235, 0.6454972243679028, 0.7407407407407407, 0.5882352941176471, 1.0, 1.0, 0.5882352941176471, 0.9716562334873098)
ACMEindependent1_13_HLA-A*31:01:(0.75, 0.6785714285714286, 0.4662524041201569, 0.5263157894736842, 0.35714285714285715, 1.0, 1.0, 0.35714285714285715, 0.813208792063834)
ACMEindependent1_13_HLA-A*32:01:(0.9285714285714286, 0.6428571428571429, 0.40824829046386296, 0.4444444444444445, 0.2857142857142857, 1.0, 1.0, 0.2857142857142857, 0.9596488167916739)
ACMEindependent1_13_HLA-A*33:01:(0.92, 0.55, 0.22941573387056174, 0.18181818181818182, 0.1, 1.0, 1.0, 0.1, 0.9190995115995116)
ACMEindependent1_13_HLA-A*66:01:(1.0, 0.6, 0.3333333333333333, 0.33333333333333337, 0.2, 1.0, 1.0, 0.2, 1.0)
ACMEindependent1_13_HLA-A*68:01:(0.9, 0.85, 0.7337993857053428, 0.8235294117647058, 0.7, 1.0, 1.0, 0.7, 0.9486842105263157)
ACMEindependent1_13_HLA-A*68:02:(0.5047258979206048, 0.5434782608695652, 0.1543033499620919, 0.22222222222222218, 0.13043478260869565, 0.9565217391304348, 0.75, 0.13043478260869565, 0.6009641417496268)
ACMEindependent1_13_HLA-B*07:02:(0.9961072664359862, 0.9264705882352942, 0.8623164985025762, 0.9206349206349206, 0.8529411764705882, 1.0, 1.0, 0.8529411764705882, 0.9963489340298093)
ACMEindependent1_13_HLA-B*08:01:(1.0, 1.0, 1.0, 1.0, 1.0, 1.0, 1.0, 1.0, 1.0)
ACMEindependent1_13_HLA-B*13:02:(1.0, 0.5, nan, nan, 0.0, 1.0, nan, 0.0, 1.0)
ACMEindependent1_13_HLA-B*15:01:(0.9054545454545454, 0.8818181818181818, 0.7859052479933758, 0.865979381443299, 0.7636363636363637, 1.0, 1.0, 0.7636363636363637, 0.9418869604006369)
ACMEindependent1_13_HLA-B*15:02:(0.0, 0.5, nan, nan, 0.0, 1.0, nan, 0.0, 0.25)
ACMEindependent1_13_HLA-B*15:03:(1.0, 0.875, 0.7745966692414834, 0.8571428571428571, 0.75, 1.0, 1.0, 0.75, 1.0)
ACMEindependent1_13_HLA-B*15:17:(1.0, 1.0, 1.0, 1.0, 1.0, 1.0, 1.0, 1.0, 1.0)
ACMEindependent1_13_HLA-B*18:01:(1.0, 0.5, nan, nan, 0.0, 1.0, nan, 0.0, 1.0)
ACMEindependent1_13_HLA-B*27:01:(0.9307479224376731, 0.6842105263157895, 0.433289122413121, 0.5714285714285714, 0.42105263157894735, 0.9473684210526315, 0.8888888888888888, 0.42105263157894735, 0.8240725222887056)
ACMEindependent1_13_HLA-B*27:02:(1.0, 0.7777777777777778, 0.6201736729460422, 0.7142857142857143, 0.5555555555555556, 1.0, 1.0, 0.5555555555555556, 0.9999999999999998)
ACMEindependent1_13_HLA-B*27:03:(0.979591836734694, 0.5, nan, nan, 0.0, 1.0, nan, 0.0, 0.9808673469387754)
ACMEindependent1_13_HLA-B*27:04:(1.0, 0.75, 0.5773502691896258, 0.6666666666666666, 0.5, 1.0, 1.0, 0.5, 1.0)
ACMEindependent1_13_HLA-B*27:05:(0.6007075764151528, 0.5856299212598425, 0.2861857588866271, 0.30870279146141216, 0.18503937007874016, 0.9862204724409449, 0.9306930693069307, 0.18503937007874016, 0.6688810157820781)
ACMEindependent1_13_HLA-B*27:06:(1.0, 0.5, nan, nan, 0.0, 1.0, nan, 0.0, 1.0)
ACMEindependent1_13_HLA-B*27:07:(1.0, 0.8571428571428571, 0.7453559924999299, 0.8333333333333333, 0.7142857142857143, 1.0, 1.0, 0.7142857142857143, 0.9999999999999998)
ACMEindependent1_13_HLA-B*27:08:(0.9911111111111112, 0.8333333333333334, 0.7071067811865475, 0.8, 0.6666666666666666, 1.0, 1.0, 0.6666666666666666, 0.9910912698412697)
ACMEindependent1_13_HLA-B*27:09:(0.5941358024691358, 0.6666666666666666, 0.4472135954999579, 0.5, 0.3333333333333333, 1.0, 1.0, 0.3333333333333333, 0.7325323380091495)
ACMEindependent1_13_HLA-B*35:01:(0.643598615916955, 0.6470588235294118, 0.41522739926869984, 0.45454545454545453, 0.29411764705882354, 1.0, 1.0, 0.29411764705882354, 0.7009952854862236)
ACMEindependent1_13_HLA-B*35:03:(1.0, 0.5, nan, nan, 0.0, 1.0, nan, 0.0, 1.0)
ACMEindependent1_13_HLA-B*35:08:(1.0, 0.5, nan, nan, 0.0, 1.0, nan, 0.0, 1.0)
ACMEindependent1_13_HLA-B*37:01:(1.0, 1.0, 1.0, 1.0, 1.0, 1.0, 1.0, 1.0, 1.0)
ACMEindependent1_13_HLA-B*38:01:(0.75, 0.5, nan, nan, 0.0, 1.0, nan, 0.0, 0.7916666666666666)
ACMEindependent1_13_HLA-B*39:01:(1.0, 1.0, 1.0, 1.0, 1.0, 1.0, 1.0, 1.0, 1.0)
ACMEindependent1_13_HLA-B*40:01:(1.0, 1.0, 1.0, 1.0, 1.0, 1.0, 1.0, 1.0, 1.0)
ACMEindependent1_13_HLA-B*40:02:(1.0, 0.85, 0.7337993857053428, 0.8235294117647058, 0.7, 1.0, 1.0, 0.7, 0.9999999999999999)
ACMEindependent1_13_HLA-B*44:02:(0.9546485260770975, 0.9523809523809523, 0.9088932591463857, 0.9500000000000001, 0.9047619047619048, 1.0, 1.0, 0.9047619047619048, 0.9764808362369339)
ACMEindependent1_13_HLA-B*44:03:(0.9375, 0.8125, 0.674199862463242, 0.7692307692307693, 0.625, 1.0, 1.0, 0.625, 0.9474634740259741)
ACMEindependent1_13_HLA-B*44:27:(1.0, 1.0, 1.0, 1.0, 1.0, 1.0, 1.0, 1.0, 1.0)
ACMEindependent1_13_HLA-B*45:01:(1.0, 1.0, 1.0, 1.0, 1.0, 1.0, 1.0, 1.0, 1.0)
ACMEindependent1_13_HLA-B*46:01:(0.7222222222222222, 0.5, nan, nan, 0.0, 1.0, nan, 0.0, 0.7529431216931216)
ACMEindependent1_13_HLA-B*49:01:(1.0, 1.0, 1.0, 1.0, 1.0, 1.0, 1.0, 1.0, 1.0)
ACMEindependent1_13_HLA-B*50:01:(1.0, 1.0, 1.0, 1.0, 1.0, 1.0, 1.0, 1.0, 1.0)
ACMEindependent1_13_HLA-B*51:01:(0.8625, 0.5, nan, nan, 0.0, 1.0, nan, 0.0, 0.8580469561235414)
ACMEindependent1_13_HLA-B*53:01:(1.0, 0.8333333333333334, 0.7071067811865476, 0.8, 0.6666666666666666, 1.0, 1.0, 0.6666666666666666, 1.0)
ACMEindependent1_13_HLA-B*54:01:(1.0, 0.7, 0.5, 0.5714285714285715, 0.4, 1.0, 1.0, 0.4, 1.0)
ACMEindependent1_13_HLA-B*56:01:(1.0, 1.0, 1.0, 1.0, 1.0, 1.0, 1.0, 1.0, 1.0)
ACMEindependent1_13_HLA-B*57:01:(0.8715422367638311, 0.7530487804878049, 0.5820442510703817, 0.6720647773279352, 0.5060975609756098, 1.0, 1.0, 0.5060975609756098, 0.9035921114967709)
ACMEindependent1_13_HLA-B*57:03:(0.8367626886145405, 0.7962962962962963, 0.628539361054709, 0.7555555555555556, 0.6296296296296297, 0.9629629629629629, 0.9444444444444444, 0.6296296296296297, 0.8871423001014458)
ACMEindependent1_13_HLA-B*58:01:(0.8688, 0.8, 0.6546536707079772, 0.7499999999999999, 0.6, 1.0, 1.0, 0.6, 0.9023618517808918)
ACMEindependent1_14_HLA-A*01:01:(0.9907544378698225, 0.8846153846153846, 0.7905694150420949, 0.8695652173913044, 0.7692307692307693, 1.0, 1.0, 0.7692307692307693, 0.9911226815653128)
ACMEindependent1_14_HLA-A*02:01:(0.8296670630202141, 0.6551724137931034, 0.41079191812887456, 0.4871794871794871, 0.3275862068965517, 0.9827586206896551, 0.95, 0.3275862068965517, 0.8618106223321598)
ACMEindependent1_14_HLA-A*02:02:(1.0, 1.0, 1.0, 1.0, 1.0, 1.0, 1.0, 1.0, 1.0)
ACMEindependent1_14_HLA-A*02:03:(1.0, 1.0, 1.0, 1.0, 1.0, 1.0, 1.0, 1.0, 1.0)
ACMEindependent1_14_HLA-A*02:04:(1.0, 1.0, 1.0, 1.0, 1.0, 1.0, 1.0, 1.0, 1.0)
ACMEindependent1_14_HLA-A*02:05:(1.0, 0.5, nan, nan, 0.0, 1.0, nan, 0.0, 1.0)
ACMEindependent1_14_HLA-A*02:07:(1.0, 0.5, nan, nan, 0.0, 1.0, nan, 0.0, 1.0)
ACMEindependent1_14_HLA-A*02:11:(1.0, 1.0, 1.0, 1.0, 1.0, 1.0, 1.0, 1.0, 1.0)
ACMEindependent1_14_HLA-A*03:01:(1.0, 0.9, 0.816496580927726, 0.888888888888889, 0.8, 1.0, 1.0, 0.8, 1.0)
ACMEindependent1_14_HLA-A*11:01:(0.8367346938775511, 0.6428571428571429, 0.40824829046386296, 0.4444444444444445, 0.2857142857142857, 1.0, 1.0, 0.2857142857142857, 0.8099773242630386)
ACMEindependent1_14_HLA-A*23:01:(0.5, 0.5, nan, nan, 0.0, 1.0, nan, 0.0, 0.7083333333333333)
ACMEindependent1_14_HLA-A*24:02:(0.8671875, 0.53125, 0.1796053020267749, 0.11764705882352941, 0.0625, 1.0, 1.0, 0.0625, 0.838643204007465)
ACMEindependent1_14_HLA-A*26:01:(0.0, 0.5, nan, nan, 0.0, 1.0, nan, 0.0, 0.25)
ACMEindependent1_14_HLA-A*29:02:(0.9722222222222223, 0.7916666666666666, 0.641688947919748, 0.7368421052631579, 0.5833333333333334, 1.0, 1.0, 0.5833333333333334, 0.9784722222222222)
ACMEindependent1_14_HLA-A*30:01:(1.0, 0.5, nan, nan, 0.0, 1.0, nan, 0.0, 1.0)
ACMEindependent1_14_HLA-A*30:02:(0.9444444444444445, 0.75, 0.5773502691896257, 0.6666666666666666, 0.5, 1.0, 1.0, 0.5, 0.9553571428571428)
ACMEindependent1_14_HLA-A*31:01:(0.6938775510204082, 0.6428571428571429, 0.40824829046386296, 0.4444444444444445, 0.2857142857142857, 1.0, 1.0, 0.2857142857142857, 0.753728612657184)
ACMEindependent1_14_HLA-A*32:01:(1.0, 0.75, 0.5773502691896258, 0.6666666666666666, 0.5, 1.0, 1.0, 0.5, 1.0)
ACMEindependent1_14_HLA-A*33:01:(1.0, 0.5, nan, nan, 0.0, 1.0, nan, 0.0, 1.0)
ACMEindependent1_14_HLA-A*66:01:(1.0, 0.5, nan, nan, 0.0, 1.0, nan, 0.0, 1.0)
ACMEindependent1_14_HLA-A*68:01:(1.0, 0.75, 0.5773502691896258, 0.6666666666666666, 0.5, 1.0, 1.0, 0.5, 1.0)
ACMEindependent1_14_HLA-A*68:02:(0.8425925925925926, 0.5277777777777778, 0.1690308509457033, 0.10526315789473684, 0.05555555555555555, 1.0, 1.0, 0.05555555555555555, 0.8466988520849891)
ACMEindependent1_14_HLA-B*07:02:(0.966820987654321, 0.9166666666666666, 0.8385254915624211, 0.911764705882353, 0.8611111111111112, 0.9722222222222222, 0.96875, 0.8611111111111112, 0.9664070244086544)
ACMEindependent1_14_HLA-B*13:02:(1.0, 0.5, nan, nan, 0.0, 1.0, nan, 0.0, 1.0)
ACMEindependent1_14_HLA-B*14:02:(1.0, 0.5, nan, nan, 0.0, 1.0, nan, 0.0, 1.0)
ACMEindependent1_14_HLA-B*15:01:(0.9623507805325988, 0.8636363636363636, 0.7559289460184544, 0.8421052631578948, 0.7272727272727273, 1.0, 1.0, 0.7272727272727273, 0.972585495975971)
ACMEindependent1_14_HLA-B*15:02:(1.0, 0.5, nan, nan, 0.0, 1.0, nan, 0.0, 1.0)
ACMEindependent1_14_HLA-B*15:03:(0.75, 0.5, 0.0, 0.5, 0.5, 0.5, 0.5, 0.5, 0.7916666666666666)
ACMEindependent1_14_HLA-B*15:11:(0.0, 0.5, nan, nan, 0.0, 1.0, nan, 0.0, 0.25)
ACMEindependent1_14_HLA-B*18:01:(0.0, 0.5, nan, nan, 0.0, 1.0, nan, 0.0, 0.25)
ACMEindependent1_14_HLA-B*27:02:(0.9090909090909091, 0.5, nan, nan, 0.0, 1.0, nan, 0.0, 0.9534632034632036)
ACMEindependent1_14_HLA-B*27:03:(1.0, 0.5, nan, nan, 0.0, 1.0, nan, 0.0, 1.0)
ACMEindependent1_14_HLA-B*27:04:(1.0, 0.5, nan, nan, 0.0, 1.0, nan, 0.0, 1.0)
ACMEindependent1_14_HLA-B*27:05:(0.4663924883405322, 0.5144356955380578, 0.09774399556781882, 0.07035175879396985, 0.03674540682414698, 0.9921259842519685, 0.8235294117647058, 0.03674540682414698, 0.5264344824748646)
ACMEindependent1_14_HLA-B*27:06:(1.0, 0.5, nan, nan, 0.0, 1.0, nan, 0.0, 1.0)
ACMEindependent1_14_HLA-B*27:07:(0.75, 0.5, nan, nan, 0.0, 1.0, nan, 0.0, 0.7916666666666666)
ACMEindependent1_14_HLA-B*27:08:(0.8400000000000001, 0.6, 0.3333333333333333, 0.33333333333333337, 0.2, 1.0, 1.0, 0.2, 0.8347619047619046)
ACMEindependent1_14_HLA-B*27:09:(0.632, 0.54, 0.2041241452319315, 0.14814814814814814, 0.08, 1.0, 1.0, 0.08, 0.699938030245072)
ACMEindependent1_14_HLA-B*35:01:(0.4577777777777778, 0.5, nan, nan, 0.0, 1.0, nan, 0.0, 0.5663892341632025)
ACMEindependent1_14_HLA-B*35:08:(1.0, 0.5, nan, nan, 0.0, 1.0, nan, 0.0, 1.0)
ACMEindependent1_14_HLA-B*37:01:(0.0, 0.5, nan, nan, 0.0, 1.0, nan, 0.0, 0.25)
ACMEindependent1_14_HLA-B*40:01:(0.75, 0.75, 0.5773502691896258, 0.6666666666666666, 0.5, 1.0, 1.0, 0.5, 0.7916666666666666)
ACMEindependent1_14_HLA-B*40:02:(1.0, 1.0, 1.0, 1.0, 1.0, 1.0, 1.0, 1.0, 1.0)
ACMEindependent1_14_HLA-B*44:02:(0.875, 0.75, 0.5773502691896258, 0.6666666666666666, 0.5, 1.0, 1.0, 0.5, 0.8708333333333332)
ACMEindependent1_14_HLA-B*44:03:(1.0, 1.0, 1.0, 1.0, 1.0, 1.0, 1.0, 1.0, 1.0)
ACMEindependent1_14_HLA-B*44:27:(1.0, 1.0, 1.0, 1.0, 1.0, 1.0, 1.0, 1.0, 1.0)
ACMEindependent1_14_HLA-B*45:01:(1.0, 1.0, 1.0, 1.0, 1.0, 1.0, 1.0, 1.0, 1.0)
ACMEindependent1_14_HLA-B*46:01:(0.6666666666666667, 0.5, nan, nan, 0.0, 1.0, nan, 0.0, 0.5138888888888888)
ACMEindependent1_14_HLA-B*49:01:(1.0, 0.5, nan, nan, 0.0, 1.0, nan, 0.0, 1.0)
ACMEindependent1_14_HLA-B*50:01:(1.0, 0.5, nan, nan, 0.0, 1.0, nan, 0.0, 1.0)
ACMEindependent1_14_HLA-B*51:01:(0.9183673469387755, 0.5, nan, nan, 0.0, 1.0, nan, 0.0, 0.9280045351473922)
ACMEindependent1_14_HLA-B*54:01:(0.75, 0.75, 0.5773502691896258, 0.6666666666666666, 0.5, 1.0, 1.0, 0.5, 0.7916666666666666)
ACMEindependent1_14_HLA-B*56:01:(1.0, 0.6666666666666666, 0.4472135954999579, 0.5, 0.3333333333333333, 1.0, 1.0, 0.3333333333333333, 1.0)
ACMEindependent1_14_HLA-B*57:01:(0.6782997222557662, 0.6483516483516484, 0.41736500618415145, 0.4576271186440678, 0.2967032967032967, 1.0, 1.0, 0.2967032967032967, 0.7605148249687129)
ACMEindependent1_14_HLA-B*57:03:(0.7142857142857142, 0.5714285714285714, 0.2773500981126146, 0.25, 0.14285714285714285, 1.0, 1.0, 0.14285714285714285, 0.7515615337043908)
ACMEindependent1_14_HLA-B*58:01:(0.76, 0.7, 0.5, 0.5714285714285715, 0.4, 1.0, 1.0, 0.4, 0.8322222222222222)
