Anthemindependent1_A01_HLA-A*26:03:(0.9830246913580247, 0.8888888888888888, 0.7977240352174656, 0.8750000000000001, 0.7777777777777778, 1.0, 1.0, 0.7777777777777778, 0.9849348750664539)
Anthemindependent1_A01_HLA-A*32:07:(0.9305555555555556, 0.8611111111111112, 0.7324670207647144, 0.8484848484848485, 0.7777777777777778, 0.9444444444444444, 0.9333333333333333, 0.7777777777777778, 0.9459183654036596)
Anthemindependent1_A01_HLA-A*26:01:(0.9827902561419045, 0.9432234432234432, 0.8893393266025365, 0.9408396946564886, 0.9029304029304029, 0.9835164835164835, 0.9820717131474104, 0.9029304029304029, 0.9841421774019057)
Anthemindependent1_A01_HLA-A*26:02:(0.967305289462724, 0.8775510204081632, 0.771335668566404, 0.8636363636363635, 0.7755102040816326, 0.9795918367346939, 0.9743589743589743, 0.7755102040816326, 0.9785534474047364)
Anthemindependent1_A01_HLA-A*32:15:(0.9977777777777778, 0.9, 0.816496580927726, 0.888888888888889, 0.8, 1.0, 1.0, 0.8, 0.9979166666666666)
Anthemindependent1_A01_HLA-A*32:01:(0.9827646041517648, 0.9297987236131566, 0.8624714126992621, 0.9268542199488491, 0.8891069676153092, 0.9705304518664047, 0.967948717948718, 0.8891069676153092, 0.982572533395072)
Anthemindependent1_A01_HLA-A*25:01:(0.9860298895386616, 0.956140350877193, 0.9135468796041986, 0.954954954954955, 0.9298245614035088, 0.9824561403508771, 0.9814814814814815, 0.9298245614035088, 0.9847081058359166)
Anthemindependent1_A01_HLA-A*01:01:(0.9859210592344525, 0.9414708442123586, 0.8852929575013221, 0.9393461104847802, 0.9052585832246849, 0.9777777777777777, 0.9761012183692596, 0.9052585832246849, 0.9878110409873303)
Anthemindependent1_A01_HLA-A*30:02:(0.9673171691272483, 0.925414364640884, 0.8549108042488857, 0.9215876089060987, 0.8766114180478821, 0.9742173112338858, 0.9714285714285714, 0.8766114180478821, 0.971127306617918)
Anthemindependent1_A01_HLA-A*80:01:(0.9579475308641976, 0.9166666666666666, 0.8333333333333334, 0.9166666666666666, 0.9166666666666666, 0.9166666666666666, 0.9166666666666666, 0.9166666666666666, 0.9439277182655513)
Anthemindependent1_A01-A03_HLA-A*30:01:(0.9483412776682008, 0.8696581196581197, 0.7521241522220374, 0.8564705882352941, 0.7777777777777778, 0.9615384615384616, 0.9528795811518325, 0.7777777777777778, 0.9516533993749972)
Anthemindependent1_A01-A24_HLA-A*29:02:(0.9782225076573462, 0.933428981348637, 0.8702791716014078, 0.9304556354916067, 0.8893982808022922, 0.9775862068965517, 0.9754871150219987, 0.8893982808022922, 0.9790982956009512)
Anthemindependent1_A02_HLA-A*02:04:(0.9701257540650615, 0.9161341853035144, 0.8365153505281232, 0.911690496215307, 0.865814696485623, 0.9664536741214057, 0.9626998223801065, 0.865814696485623, 0.9665061695763009)
Anthemindependent1_A02_HLA-A*02:05:(0.9882010736409024, 0.9375, 0.8762261649509948, 0.9358024691358025, 0.9110576923076923, 0.9639423076923077, 0.9619289340101523, 0.9110576923076923, 0.9867611651414947)
Anthemindependent1_A02_HLA-A*02:19:(0.9616, 0.9, 0.8058229640253803, 0.8936170212765958, 0.84, 0.96, 0.9545454545454546, 0.84, 0.9692762747099831)
Anthemindependent1_A02_HLA-A*68:02:(0.9417975835708733, 0.863703159441587, 0.7368623010705139, 0.8520143597925809, 0.7841409691629956, 0.9433823529411764, 0.9327510917030568, 0.7841409691629956, 0.9490719861639692)
Anthemindependent1_A02_HLA-A*02:03:(0.9665842599266831, 0.8963654223968566, 0.796223616120143, 0.8914050437467833, 0.8498527968596663, 0.9429695181907571, 0.9372294372294372, 0.8498527968596663, 0.9664169721005763)
Anthemindependent1_A02_HLA-A*02:01:(0.9522148025611648, 0.8687036882857381, 0.7499876682548368, 0.8565711687130514, 0.779635761589404, 0.9588008708759002, 0.9503531786074672, 0.779635761589404, 0.9563514410146372)
Anthemindependent1_A02_HLA-A*02:02:(0.9707323134466666, 0.9025141097998974, 0.807015424871506, 0.8991507430997876, 0.867827868852459, 0.9373072970195272, 0.9328193832599119, 0.867827868852459, 0.9700622831589679)
Anthemindependent1_A02_HLA-A*02:20:(0.9985272641766293, 0.9825870646766169, 0.9651860745036894, 0.9826302729528535, 0.9850746268656716, 0.9800995024875622, 0.9801980198019802, 0.9850746268656716, 0.9984829258297516)
Anthemindependent1_A02_HLA-A*02:17:(0.9872163171502442, 0.8813559322033898, 0.7851358838853206, 0.8653846153846153, 0.7627118644067796, 1.0, 1.0, 0.7627118644067796, 0.9883527433398859)
Anthemindependent1_A02_HLA-A*02:50:(0.9537037037037037, 0.8055555555555556, 0.6633249580710799, 0.7586206896551725, 0.6111111111111112, 1.0, 1.0, 0.6111111111111112, 0.9682683387017754)
Anthemindependent1_A02_HLA-A*02:12:(0.9361224489795918, 0.8785714285714286, 0.7634795457695422, 0.8702290076335878, 0.8142857142857143, 0.9428571428571428, 0.9344262295081968, 0.8142857142857143, 0.9464884594439411)
Anthemindependent1_A02_HLA-A*02:07:(0.9799728562473762, 0.9364508393285371, 0.8750202253683933, 0.9341614906832298, 0.9016786570743405, 0.9712230215827338, 0.9690721649484536, 0.9016786570743405, 0.9826679178759488)
Anthemindependent1_A02_HLA-A*02:11:(0.9559088138306859, 0.9132791327913279, 0.8275434366898824, 0.9111111111111111, 0.8888888888888888, 0.9376693766937669, 0.9344729344729344, 0.8888888888888888, 0.9578812492356731)
Anthemindependent1_A02_HLA-A*69:01:(0.9756030371377903, 0.9107883817427386, 0.8260331876309022, 0.9059080962800875, 0.8589211618257261, 0.9626556016597511, 0.9583333333333334, 0.8589211618257261, 0.974514484848284)
Anthemindependent1_A02_HLA-A*02:06:(0.9685571844100233, 0.8869022869022869, 0.7798847688596022, 0.8793256433007985, 0.8244592346089851, 0.9492934330839568, 0.9420152091254753, 0.8244592346089851, 0.9661708064292374)
Anthemindependent1_A02_HLA-A*02:16:(0.9769888231426693, 0.8974358974358975, 0.8121419014464814, 0.8857142857142858, 0.7948717948717948, 1.0, 1.0, 0.7948717948717948, 0.9843324243481614)
Anthemindependent1_A03_HLA-A*31:01:(0.9788273461084521, 0.9183673469387755, 0.8387804462329606, 0.9156722354813047, 0.8840245775729647, 0.9528957528957529, 0.9496699669966997, 0.8840245775729647, 0.9786522100755932)
Anthemindependent1_A03_HLA-A*68:23:(0.9792387543252594, 0.9117647058823529, 0.8366600265340755, 0.9032258064516129, 0.8235294117647058, 1.0, 1.0, 0.8235294117647058, 0.9808823529411764)
Anthemindependent1_A03_HLA-A*03:01:(0.9814443277217703, 0.9248709275413922, 0.8536049837451806, 0.9212980231256993, 0.8777540867093105, 0.9721726721369961, 0.9693877551020408, 0.8777540867093105, 0.9810912970441343)
Anthemindependent1_A03_HLA-A*68:01:(0.9827497248211339, 0.9288656962372974, 0.8595866814308379, 0.9266081042788326, 0.8963815789473685, 0.96147495872317, 0.9589442815249267, 0.8963815789473685, 0.9801789637531111)
Anthemindependent1_A03_HLA-A*11:01:(0.9746294769169983, 0.918782748891576, 0.8411104936099212, 0.9149968361105252, 0.8731884057971014, 0.9644874899112187, 0.9610101905183872, 0.8731884057971014, 0.9757661896058375)
Anthemindependent1_A03_HLA-A*66:01:(0.9864203954214361, 0.9467741935483871, 0.8956057038259979, 0.9449081803005008, 0.9129032258064517, 0.9806451612903225, 0.9792387543252595, 0.9129032258064517, 0.9890289044057795)
Anthemindependent1_A03_HLA-A*33:01:(0.977480623911714, 0.9241316270566727, 0.8486732113860675, 0.9229340761374188, 0.9085923217550275, 0.9396709323583181, 0.9377358490566038, 0.9085923217550275, 0.9765629012841839)
Anthemindependent1_A24_HLA-A*24:02:(0.9773763224133689, 0.915612840466926, 0.8371286812741002, 0.9104978075831828, 0.8567961165048543, 0.9746588693957114, 0.9713813979086406, 0.8567961165048543, 0.9791492520851938)
Anthemindependent1_A24_HLA-A*24:13:(0.9764979338842976, 0.8863636363636364, 0.7858252779857412, 0.875, 0.7954545454545454, 0.9772727272727273, 0.9722222222222222, 0.7954545454545454, 0.9780611494276615)
Anthemindependent1_A24_HLA-A*24:03:(0.9474030243261014, 0.8910256410256411, 0.7931447621298386, 0.8811188811188813, 0.8076923076923077, 0.9743589743589743, 0.9692307692307692, 0.8076923076923077, 0.951189885140646)
Anthemindependent1_A24_HLA-A*24:06:(0.946122448979592, 0.8571428571428571, 0.7391404949863533, 0.8360655737704917, 0.7285714285714285, 0.9857142857142858, 0.9807692307692307, 0.7285714285714285, 0.9632178088903114)
Anthemindependent1_A24_HLA-A*23:01:(0.9855023068290453, 0.9424057084607543, 0.8875583785632072, 0.9401165871754107, 0.9032586558044806, 0.9816326530612245, 0.980110497237569, 0.9032586558044806, 0.9868748299551627)
Anthemindependent1_B07_HLA-B*35:01:(0.9721840238583721, 0.9079468655325099, 0.8217420341146783, 0.9022519178421182, 0.8486964618249534, 0.9673355109659356, 0.9630216587427364, 0.8486964618249534, 0.9741900104432281)
Anthemindependent1_B07_HLA-B*35:08:(0.968113083497699, 0.9029304029304029, 0.8118136450784207, 0.8966861598440545, 0.8424908424908425, 0.9633699633699634, 0.9583333333333334, 0.8424908424908425, 0.9680900396464268)
Anthemindependent1_B07_HLA-B*54:01:(0.9628737474136881, 0.9187898089171974, 0.8448123391356069, 0.9131175468483818, 0.8535031847133758, 0.9840764331210191, 0.9816849816849816, 0.8535031847133758, 0.972906341696513)
Anthemindependent1_B07_HLA-B*51:01:(0.9720536382841445, 0.9107601909658465, 0.8263841090858487, 0.9058504455637351, 0.8570381231671554, 0.9646799116997793, 0.9605587510271159, 0.8570381231671554, 0.9715113543990667)
Anthemindependent1_B07_HLA-B*51:08:(0.9949999999999999, 0.9666666666666667, 0.9345021920672832, 0.9658119658119658, 0.9416666666666667, 0.9916666666666667, 0.9912280701754386, 0.9416666666666667, 0.9947438268836323)
Anthemindependent1_B07_HLA-B*35:03:(0.994273360245917, 0.9591719378953422, 0.919813026871146, 0.9580626107501478, 0.931113662456946, 0.9873271889400922, 0.98661800486618, 0.931113662456946, 0.9948939376325536)
Anthemindependent1_B07_HLA-B*83:01:(0.9641420118343196, 0.9153846153846154, 0.83884918410162, 0.9090909090909091, 0.8461538461538461, 0.9846153846153847, 0.9821428571428571, 0.8461538461538461, 0.9734216852053185)
Anthemindependent1_B07_HLA-B*07:02:(0.9833638427912652, 0.9330975954738331, 0.8695976740469414, 0.930225697005458, 0.8894217207334274, 0.9770212765957447, 0.9749536178107606, 0.8894217207334274, 0.9860703681731611)
Anthemindependent1_B07_HLA-B*56:01:(0.9839517896274654, 0.9662162162162162, 0.933199621106526, 0.9655172413793103, 0.9459459459459459, 0.9864864864864865, 0.9859154929577465, 0.9459459459459459, 0.9871029563640328)
Anthemindependent1_B07_HLA-B*53:01:(0.9780509794996586, 0.950836820083682, 0.9021179306414976, 0.9500531349628055, 0.9351464435146444, 0.9665271966527197, 0.9654427645788337, 0.9351464435146444, 0.9761381898428545)
Anthemindependent1_B08_HLA-B*08:01:(0.9706937330639225, 0.9022900763358779, 0.8094918584382733, 0.8966408268733851, 0.8473748473748474, 0.9572388515577276, 0.9519890260631001, 0.8473748473748474, 0.9736062639834089)
Anthemindependent1_B27_HLA-B*15:18:(0.9969993141289438, 0.9837962962962963, 0.9676859309994651, 0.9839080459770114, 0.9907407407407407, 0.9768518518518519, 0.9771689497716894, 0.9907407407407407, 0.9981580840091107)
Anthemindependent1_B27_HLA-B*27:09:(0.9592450056213786, 0.880089485458613, 0.775125466674396, 0.8673267326732672, 0.7828418230563002, 0.9775985663082437, 0.9722530521642619, 0.7828418230563002, 0.9639552893141922)
Anthemindependent1_B27_HLA-B*27:08:(0.9908351831298556, 0.9693757361601885, 0.9395994439313947, 0.96875, 0.9482352941176471, 0.9905660377358491, 0.9901719901719902, 0.9482352941176471, 0.9851262696215789)
Anthemindependent1_B27_HLA-B*27:07:(0.9929328719723183, 0.9764705882352941, 0.953110046913039, 0.9762470308788599, 0.9670588235294117, 0.9858823529411764, 0.9856115107913669, 0.9670588235294117, 0.9908566672910994)
Anthemindependent1_B27_HLA-B*27:04:(0.9913932110936102, 0.9680851063829787, 0.936943463141654, 0.9674234945705824, 0.9477756286266924, 0.988394584139265, 0.9879032258064516, 0.9477756286266924, 0.9926281953163142)
Anthemindependent1_B27_HLA-B*39:24:(0.9872346143509809, 0.9713114754098361, 0.943415590631801, 0.9707112970711297, 0.9508196721311475, 0.9918032786885246, 0.9914529914529915, 0.9508196721311475, 0.9918688828596514)
Anthemindependent1_B27_HLA-B*27:20:(0.9847645429362881, 0.8421052631578947, 0.7211102550927978, 0.8125000000000001, 0.6842105263157895, 1.0, 1.0, 0.6842105263157895, 0.9879633867276889)
Anthemindependent1_B27_HLA-B*27:02:(0.9961037445349181, 0.9700374531835206, 0.9409012112876051, 0.9693721286370597, 0.9490254872563718, 0.9910179640718563, 0.9906103286384976, 0.9490254872563718, 0.9966264371008688)
Anthemindependent1_B27_HLA-B*27:05:(0.8766010845546508, 0.7376246600181323, 0.5393964097701283, 0.6588068851685924, 0.5045142650776454, 0.9726875455207574, 0.9490489130434783, 0.5045142650776454, 0.8913872403470746)
Anthemindependent1_B27_HLA-B*38:01:(0.998138105013737, 0.9802930773117736, 0.9608462026788626, 0.9800715380684721, 0.9686868686868687, 0.9919110212335692, 0.9917269906928645, 0.9686868686868687, 0.9983037385565231)
Anthemindependent1_B27_HLA-B*14:02:(0.9873473690375099, 0.9437229437229437, 0.8892066969730235, 0.9419642857142857, 0.9124324324324324, 0.9750812567713976, 0.9734717416378316, 0.9124324324324324, 0.9858316346133911)
Anthemindependent1_B27_HLA-B*73:01:(0.997879159204449, 0.9805825242718447, 0.9613462978473076, 0.9803921568627452, 0.970873786407767, 0.9902912621359223, 0.9900990099009901, 0.970873786407767, 0.9979185086841256)
Anthemindependent1_B27_HLA-B*45:06:(0.9789724261059314, 0.8661971830985915, 0.7543365091413573, 0.848, 0.7464788732394366, 0.9859154929577465, 0.9814814814814815, 0.7464788732394366, 0.9784015794754615)
Anthemindependent1_B27_HLA-B*27:01:(0.9948569829827852, 0.9749839640795381, 0.9501444550693701, 0.974757281553398, 0.9653846153846154, 0.9845956354300385, 0.984313725490196, 0.9653846153846154, 0.9924603668472398)
Anthemindependent1_B27_HLA-B*39:01:(0.9863537896129202, 0.9388059701492537, 0.880208038773437, 0.9364341085271318, 0.9005964214711729, 0.9770916334661355, 0.9752421959095802, 0.9005964214711729, 0.9852787726881654)
Anthemindependent1_B27_HLA-B*15:11:(0.9911816578483245, 0.9656084656084656, 0.9327981344055968, 0.9645776566757492, 0.9365079365079365, 0.9947089947089947, 0.9943820224719101, 0.9365079365079365, 0.9939149962553597)
Anthemindependent1_B27_HLA-B*14:01:(0.99375, 0.95, 0.9, 0.9500000000000001, 0.95, 0.95, 0.95, 0.95, 0.9938095238095238)
Anthemindependent1_B27_HLA-B*27:03:(0.979619081523674, 0.9504716981132075, 0.9017563546233933, 0.9493975903614457, 0.9292452830188679, 0.9716981132075472, 0.9704433497536946, 0.9292452830188679, 0.9847277933205572)
Anthemindependent1_B27_HLA-B*27:06:(0.9895142290284581, 0.9547244094488189, 0.9125731201228838, 0.9527720739219713, 0.9133858267716536, 0.9960629921259843, 0.9957081545064378, 0.9133858267716536, 0.9920473314652243)
Anthemindependent1_B27_HLA-B*48:01:(0.9635416666666666, 0.9166666666666666, 0.8362420100070908, 0.9130434782608695, 0.875, 0.9583333333333334, 0.9545454545454546, 0.875, 0.9462520146419603)
Anthemindependent1_B27_HLA-B*15:09:(1.0, 0.8095238095238095, 0.6695340634119862, 0.7647058823529412, 0.6190476190476191, 1.0, 1.0, 0.6190476190476191, 0.9999999999999999)
Anthemindependent1_B27_HLA-B*15:03:(0.982751698976118, 0.9381720430107527, 0.8765820108734735, 0.9374433363553943, 0.9265232974910395, 0.9498207885304659, 0.9486238532110092, 0.9265232974910395, 0.9831843767368993)
Anthemindependent1_B27_HLA-B*39:06:(0.9898007232159565, 0.957002457002457, 0.9148032694359385, 0.9560853199498119, 0.9361179361179361, 0.9778869778869779, 0.9769230769230769, 0.9361179361179361, 0.9891594071682039)
Anthemindependent1_B44_HLA-B*18:01:(0.9842667068154213, 0.9345047923322684, 0.8733033549654046, 0.9310924369747899, 0.8849840255591054, 0.9840255591054313, 0.9822695035460993, 0.8849840255591054, 0.9862587793221628)
Anthemindependent1_B44_HLA-B*44:03:(0.9937304303601975, 0.9642375168690959, 0.92976610853344, 0.9632963988919668, 0.9379635873229939, 0.9905469277515192, 0.9900355871886121, 0.9379635873229939, 0.9912447863292969)
Anthemindependent1_B44_HLA-B*41:01:(0.9578135442192026, 0.9626865671641791, 0.9254762227411247, 0.9624060150375939, 0.9552238805970149, 0.9701492537313433, 0.9696969696969697, 0.9552238805970149, 0.9115074241908223)
Anthemindependent1_B44_HLA-B*40:02:(0.9892423087539857, 0.9621067683508103, 0.9249416915542845, 0.9613983976693372, 0.9424083769633508, 0.9818615751789976, 0.981169474727453, 0.9424083769633508, 0.9891400145788545)
Anthemindependent1_B44_HLA-B*50:01:(0.990029526521143, 0.9563719862227325, 0.9146424130138446, 0.9549763033175355, 0.9243119266055045, 0.9885057471264368, 0.9877450980392157, 0.9243119266055045, 0.9917811342696528)
Anthemindependent1_B44_HLA-B*45:01:(0.9862334606948278, 0.9405204460966543, 0.8841184383427843, 0.9379844961240309, 0.8989598811292719, 0.9821428571428571, 0.9805510534846029, 0.8989598811292719, 0.9877148817446628)
Anthemindependent1_B44_HLA-B*13:02:(0.9912665435518622, 0.9642857142857143, 0.9291851990000791, 0.963624760689215, 0.9461152882205514, 0.9824561403508771, 0.9817945383615084, 0.9461152882205514, 0.9868253269163347)
Anthemindependent1_B44_HLA-B*37:01:(0.9917959457450258, 0.9558823529411765, 0.9132487187546311, 0.9545884578997162, 0.9273897058823529, 0.984375, 0.9834307992202729, 0.9273897058823529, 0.9923580104049149)
Anthemindependent1_B44_HLA-B*40:01:(0.9910369204003656, 0.9561911658218682, 0.9138105356181442, 0.9550018594272964, 0.928416485900217, 0.9840464104423495, 0.9831546707503829, 0.928416485900217, 0.9916140866920549)
Anthemindependent1_B44_HLA-B*44:02:(0.9876653782603564, 0.9478544269418794, 0.8979825176805492, 0.946218487394958, 0.912972972972973, 0.9830786026200873, 0.9819767441860465, 0.912972972972973, 0.9894085081178748)
Anthemindependent1_B44_HLA-B*44:27:(0.9470663265306122, 0.8571428571428571, 0.7453559924999299, 0.8333333333333333, 0.7142857142857143, 1.0, 1.0, 0.7142857142857143, 0.958028083028083)
Anthemindependent1_B44_HLA-B*18:03:(0.9927020291918833, 0.9528301886792453, 0.909717652294684, 0.9504950495049505, 0.9056603773584906, 1.0, 1.0, 0.9056603773584906, 0.993589346387004)
Anthemindependent1_B44_HLA-B*49:01:(0.9929730233149794, 0.9675960813865863, 0.9356624143499741, 0.9671002295332823, 0.9518072289156626, 0.9834087481146304, 0.9828926905132193, 0.9518072289156626, 0.9918822656380303)
Anthemindependent1_B58_HLA-B*58:01:(0.9772058383766464, 0.919622641509434, 0.8444583551804168, 0.9149021174590491, 0.8641509433962264, 0.9750943396226415, 0.9719864176570459, 0.8641509433962264, 0.9791709365668168)
Anthemindependent1_B58_HLA-B*57:01:(0.9676712299395535, 0.9062083666400214, 0.8202313397032607, 0.8993998285224349, 0.8376364120308757, 0.9749266471058949, 0.9709966059858068, 0.8376364120308757, 0.9729426129951264)
Anthemindependent1_B58_HLA-B*57:03:(0.9770134091144524, 0.9333098094565985, 0.8689247515506764, 0.9308452250274424, 0.8970380818053597, 0.969632768361582, 0.9673003802281369, 0.8970380818053597, 0.9765446637473171)
Anthemindependent1_B58_HLA-B*15:17:(0.9750389739229024, 0.9226190476190477, 0.8452979965949784, 0.9221556886227544, 0.9166666666666666, 0.9285714285714286, 0.927710843373494, 0.9166666666666666, 0.9735755906819308)
Anthemindependent1_B62_HLA-B*46:01:(0.975832257451308, 0.9293532338308458, 0.8628312335714512, 0.9258098223615466, 0.8807157057654076, 0.9780876494023905, 0.9757709251101322, 0.8807157057654076, 0.9770184680333042)
Anthemindependent1_B62_HLA-B*15:42:(0.9696488791906368, 0.8732394366197183, 0.7512630848271934, 0.8656716417910447, 0.8169014084507042, 0.9295774647887324, 0.9206349206349206, 0.8169014084507042, 0.9696804243819709)
Anthemindependent1_B62_HLA-B*52:01:(0.9828498746141976, 0.9635416666666666, 0.927760295904392, 0.9628318584070796, 0.9444444444444444, 0.9826388888888888, 0.9819494584837545, 0.9444444444444444, 0.9878745209496655)
Anthemindependent1_B62_HLA-B*15:01:(0.9834199993070144, 0.9290569243840272, 0.8614605013251062, 0.9260952942911935, 0.8857223476297968, 0.9727117680500285, 0.9703245749613602, 0.8857223476297968, 0.9836514412096912)
Anthemindependent1_B62_HLA-B*15:02:(0.9818082102266097, 0.9468599033816425, 0.8937615245342438, 0.9466019417475727, 0.9420289855072463, 0.9516908212560387, 0.9512195121951219, 0.9420289855072463, 0.9828735127941532)
Anthemindependent1_C01_HLA-C*03:03:(0.9797476025518185, 0.9248244527054936, 0.8520202765729435, 0.9220222793487575, 0.8877887788778878, 0.9619520264681555, 0.9590017825311943, 0.8877887788778878, 0.98044367539736)
Anthemindependent1_C01_HLA-C*08:02:(0.9885567885601098, 0.9435562805872757, 0.8881820352256652, 0.9421984630805212, 0.9191655801825294, 0.9679947746570868, 0.9664153529814942, 0.9191655801825294, 0.986576286291349)
Anthemindependent1_C01_HLA-C*03:04:(0.989064293508297, 0.9436026936026936, 0.8893387382780398, 0.9416884247171453, 0.9092436974789916, 0.9780775716694773, 0.9765342960288809, 0.9092436974789916, 0.989638616813996)
Anthemindependent1_C01_HLA-C*15:02:(0.9845790626645996, 0.9427012278308322, 0.8876388712177693, 0.9405940594059407, 0.9072305593451568, 0.9781718963165075, 0.9765051395007343, 0.9072305593451568, 0.9856280176452487)
Anthemindependent1_C01_HLA-C*01:02:(0.974803736678216, 0.9163907284768212, 0.8389312849700877, 0.9110132158590308, 0.8559602649006622, 0.9768211920529801, 0.9736346516007532, 0.8559602649006622, 0.9792960394136792)
Anthemindependent1_C01_HLA-C*04:01:(0.9519181697100961, 0.882031427920747, 0.7729590919991873, 0.8724137931034482, 0.8064663023679417, 0.957630979498861, 0.950107296137339, 0.8064663023679417, 0.9577067904675187)
Anthemindependent1_C01_HLA-C*05:01:(0.9855923066221479, 0.9224353628023353, 0.850536768274907, 0.9177718832891246, 0.865, 0.9799666110183639, 0.9774011299435028, 0.865, 0.986331715998743)
Anthemindependent1_C01_HLA-C*17:01:(0.9666484302668126, 0.9151376146788991, 0.8341545274544447, 0.910843373493976, 0.8669724770642202, 0.963302752293578, 0.9593908629441624, 0.8669724770642202, 0.971707030740069)
Anthemindependent1_C02_HLA-C*12:03:(0.9816507640863097, 0.9323432343234324, 0.8657479810756407, 0.9306260575296109, 0.9075907590759076, 0.9570957095709571, 0.9548611111111112, 0.9075907590759076, 0.9700851443346221)
Anthemindependent1_C02_HLA-C*06:02:(0.961969331199318, 0.872999304105776, 0.7620703716926719, 0.8588007736943908, 0.7713690062543433, 0.9749128919860627, 0.9685863874345549, 0.7713690062543433, 0.9480984185522533)
Anthemindependent1_C02_HLA-C*14:02:(0.9934980265425917, 0.9670750382848392, 0.9348354354626147, 0.9664324746291959, 0.9479326186830015, 0.9862174578866769, 0.9856687898089171, 0.9479326186830015, 0.9930564768796314)
Anthemindependent1_C02_HLA-C*02:02:(0.9764609819940889, 0.9044740024183797, 0.813549780547, 0.8994484514212983, 0.8520900321543409, 0.9571544058205336, 0.9523809523809523, 0.8520900321543409, 0.972527765709302)
Anthemindependent1_C02_HLA-C*16:01:(0.9810326750009694, 0.927461139896373, 0.8571804472597588, 0.9247311827956989, 0.8911917098445595, 0.9637305699481865, 0.9608938547486033, 0.8911917098445595, 0.9814515163162644)
Anthemindependent1_C07_HLA-C*07:01:(0.9726038338658147, 0.8994145822245876, 0.8055249459983111, 0.8924302788844622, 0.8349307774227902, 0.9638297872340426, 0.9584352078239609, 0.8349307774227902, 0.9682314467954097)
Anthemindependent1_C07_HLA-C*07:02:(0.975674178501754, 0.9242336610757663, 0.8517137646908305, 0.921036769138035, 0.881199538638985, 0.9675174013921114, 0.9646464646464646, 0.881199538638985, 0.9722562296871005)
Anthemindependent1_C07_HLA-C*07:04:(0.97282300553759, 0.905688622754491, 0.8155861517746971, 0.9004739336492892, 0.8545727136431784, 0.9566517189835575, 0.9515859766277128, 0.8545727136431784, 0.9674558472155633)
ACMEindependent1_A01_HLA-A*80:01:(0.9521604938271605, 0.6666666666666666, 0.4008918628686366, 0.5384615384615385, 0.3888888888888889, 0.9444444444444444, 0.875, 0.3888888888888889, 0.934697470233886)
ACMEindependent1_A01_HLA-A*32:07:(0.9166666666666667, 0.7222222222222222, 0.4714045207910316, 0.6666666666666667, 0.5555555555555556, 0.8888888888888888, 0.8333333333333334, 0.5555555555555556, 0.9103553467151081)
ACMEindependent1_A01_HLA-A*26:02:(0.9837567680133277, 0.8163265306122449, 0.6802106785137816, 0.775, 0.6326530612244898, 1.0, 1.0, 0.6326530612244898, 0.982713748539765)
ACMEindependent1_A01_HLA-A*01:01:(0.9728072018458893, 0.7885577550576462, 0.6348210860000557, 0.7335526315789473, 0.58123370981755, 0.9965141612200435, 0.9940564635958395, 0.58123370981755, 0.9756836159772511)
ACMEindependent1_A01_HLA-A*30:02:(0.967796556122449, 0.8160714285714286, 0.6748257910357244, 0.7770562770562771, 0.6410714285714286, 0.9910714285714286, 0.9862637362637363, 0.6410714285714286, 0.9694071372368447)
ACMEindependent1_A01_HLA-A*25:01:(0.9733235938641344, 0.6972972972972973, 0.4907736311805545, 0.5692307692307693, 0.4, 0.9945945945945946, 0.9866666666666667, 0.4, 0.9791878370255751)
ACMEindependent1_A01_HLA-A*32:01:(0.97616793690027, 0.7403043691703486, 0.5564332300520501, 0.6531147540983607, 0.4887144259077527, 0.9921414538310412, 0.9841897233201581, 0.4887144259077527, 0.9735778233744707)
ACMEindependent1_A01_HLA-A*26:03:(0.9907407407407407, 0.75, 0.5773502691896257, 0.6666666666666666, 0.5, 1.0, 1.0, 0.5, 0.9904475069754999)
ACMEindependent1_A01_HLA-A*26:01:(0.9840176133650118, 0.7920277296360485, 0.6411376003550199, 0.7379912663755459, 0.58578856152513, 0.9982668977469671, 0.9970501474926253, 0.58578856152513, 0.9868129891555977)
ACMEindependent1_A01-A03_HLA-A*30:01:(0.9488909008601178, 0.7851063829787234, 0.618464466110911, 0.7335092348284961, 0.5914893617021276, 0.9787234042553191, 0.9652777777777778, 0.5914893617021276, 0.9472020207893384)
ACMEindependent1_A01-A24_HLA-A*29:02:(0.9763103118927642, 0.8602582496413199, 0.7460215376923073, 0.8397499177360974, 0.7312320916905444, 0.9896551724137931, 0.9860896445131375, 0.7312320916905444, 0.9783402737370775)
ACMEindependent1_A02_HLA-A*02:04:(0.9512755355112443, 0.784688995215311, 0.622767364896913, 0.7299999999999999, 0.5821371610845295, 0.9872408293460925, 0.9785522788203753, 0.5821371610845295, 0.9528637222295055)
ACMEindependent1_A02_HLA-A*02:19:(0.9896, 0.9, 0.8058229640253803, 0.8936170212765958, 0.84, 0.96, 0.9545454545454546, 0.84, 0.9892831468334925)
ACMEindependent1_A02_HLA-A*69:01:(0.9796120483573527, 0.8243801652892562, 0.6863621626857674, 0.7901234567901235, 0.6611570247933884, 0.987603305785124, 0.9815950920245399, 0.6611570247933884, 0.9786571668839339)
ACMEindependent1_A02_HLA-A*02:05:(0.9742800018491125, 0.9038461538461539, 0.812897146018327, 0.8980891719745223, 0.8473557692307693, 0.9603365384615384, 0.9552845528455285, 0.8473557692307693, 0.965614605264016)
ACMEindependent1_A02_HLA-A*02:16:(0.9960552268244576, 0.9615384615384616, 0.9258200997725515, 0.9600000000000001, 0.9230769230769231, 1.0, 1.0, 0.9230769230769231, 0.9961028696241494)
ACMEindependent1_A02_HLA-A*02:07:(0.9466915676092219, 0.7691846522781774, 0.5957050348585725, 0.7063310450038139, 0.5551558752997602, 0.9832134292565947, 0.9706498951781971, 0.5551558752997602, 0.9381992093391947)
ACMEindependent1_A02_HLA-A*02:17:(0.9750071818442977, 0.6864406779661016, 0.46318355658658544, 0.5542168674698795, 0.3898305084745763, 0.9830508474576272, 0.9583333333333334, 0.3898305084745763, 0.9613627211669071)
ACMEindependent1_A02_HLA-A*02:20:(0.9883418727259226, 0.9328358208955224, 0.8704353265221132, 0.9291338582677166, 0.8805970149253731, 0.9850746268656716, 0.9833333333333333, 0.8805970149253731, 0.9799165363545134)
ACMEindependent1_A02_HLA-A*02:03:(0.9704117345653817, 0.8605108055009824, 0.736610819967311, 0.8448087431693989, 0.7585868498527969, 0.9626352015732547, 0.9531442663378545, 0.7585868498527969, 0.9695429430896826)
ACMEindependent1_A02_HLA-A*02:11:(0.9674214755295836, 0.9135135135135135, 0.8276196916051383, 0.9118457300275482, 0.8945945945945946, 0.9324324324324325, 0.9297752808988764, 0.8945945945945946, 0.9624171232815593)
ACMEindependent1_A02_HLA-A*02:01:(0.9403846239162577, 0.8120889184913829, 0.6616935597666435, 0.7765567765567767, 0.6493377483443709, 0.9767208172835371, 0.9657719773454814, 0.6493377483443709, 0.9451205494834233)
ACMEindependent1_A02_HLA-A*02:12:(0.9668716524499107, 0.8661971830985915, 0.7449887315796285, 0.8527131782945736, 0.7746478873239436, 0.9577464788732394, 0.9482758620689655, 0.7746478873239436, 0.9572023436587239)
ACMEindependent1_A02_HLA-A*68:02:(0.9266563012870347, 0.7927994121969141, 0.630511748134144, 0.745945945945946, 0.6079295154185022, 0.9779411764705882, 0.965034965034965, 0.6079295154185022, 0.9392559125175376)
ACMEindependent1_A02_HLA-A*02:02:(0.9662264333732078, 0.8547973319651103, 0.7237099366024732, 0.8392958546280523, 0.757172131147541, 0.9527235354573484, 0.9414012738853503, 0.757172131147541, 0.9643150499638834)
ACMEindependent1_A02_HLA-A*02:06:(0.9636398465843158, 0.8374220374220375, 0.6992309664196712, 0.8128291048348493, 0.7063227953410982, 0.9684123025768911, 0.9571589627959414, 0.7063227953410982, 0.9601696502571242)
ACMEindependent1_A03_HLA-A*66:01:(0.9746514047866807, 0.7048387096774194, 0.5075494959826193, 0.5812356979405034, 0.4096774193548387, 1.0, 1.0, 0.4096774193548387, 0.9805194298228382)
ACMEindependent1_A03_HLA-A*31:01:(0.9745025473136072, 0.8482864844050828, 0.7225674099415137, 0.8256637168141594, 0.716589861751152, 0.9806949806949807, 0.9739039665970772, 0.716589861751152, 0.9740346566123531)
ACMEindependent1_A03_HLA-A*03:01:(0.9781895527205723, 0.8381698415524301, 0.7105416896129259, 0.8093940029356259, 0.6858564321250888, 0.9910809846592936, 0.9872122762148338, 0.6858564321250888, 0.9777081050027513)
ACMEindependent1_A03_HLA-A*33:01:(0.9773515914565434, 0.7633711507293355, 0.5944639035219823, 0.6919831223628693, 0.5316045380875203, 0.9951377633711507, 0.9909365558912386, 0.5316045380875203, 0.9772651327751883)
ACMEindependent1_A03_HLA-A*11:01:(0.9695406534021125, 0.8663845223700121, 0.7534926418617504, 0.8490093372808017, 0.750402576489533, 0.9826472962066183, 0.9774514944939696, 0.750402576489533, 0.9719332138446717)
ACMEindependent1_A03_HLA-A*68:23:(0.8961937716262975, 0.6764705882352942, 0.4629100498862757, 0.5217391304347826, 0.35294117647058826, 1.0, 1.0, 0.35294117647058826, 0.908896595320744)
ACMEindependent1_A03_HLA-A*68:01:(0.9813080530853827, 0.8975556165888492, 0.8053796533441748, 0.8889550461446858, 0.8185307017543859, 0.976884975233902, 0.9726384364820847, 0.8185307017543859, 0.9743167426069397)
ACMEindependent1_A24_HLA-A*24:03:(0.9819197896120972, 0.8717948717948718, 0.7597456497402568, 0.8571428571428572, 0.7692307692307693, 0.9743589743589743, 0.967741935483871, 0.7692307692307693, 0.9790769061925012)
ACMEindependent1_A24_HLA-A*23:01:(0.9686766862170089, 0.8440968718466195, 0.7209506204574445, 0.8170515097690941, 0.6955645161290323, 0.9929292929292929, 0.9899569583931134, 0.6955645161290323, 0.9756762212923784)
ACMEindependent1_A24_HLA-A*24:02:(0.9718198205870663, 0.7857490272373541, 0.6296144374115472, 0.7296716784289661, 0.5771844660194175, 0.9951267056530214, 0.9916597164303587, 0.5771844660194175, 0.9752311539186316)
ACMEindependent1_B07_HLA-B*35:03:(0.9903862395878422, 0.7771395749569213, 0.6171077766375909, 0.7151248164464024, 0.5584862385321101, 0.996547756041427, 0.9938775510204082, 0.5584862385321101, 0.9898061056431818)
ACMEindependent1_B07_HLA-B*54:01:(0.966215667978417, 0.821656050955414, 0.6886061310762986, 0.7829457364341085, 0.643312101910828, 1.0, 1.0, 0.643312101910828, 0.9746898480577094)
ACMEindependent1_B07_HLA-B*53:01:(0.983501096253738, 0.8333333333333334, 0.703102651800378, 0.8018539976825029, 0.6744639376218323, 0.9922027290448343, 0.9885714285714285, 0.6744639376218323, 0.984246224509717)
ACMEindependent1_B07_HLA-B*51:01:(0.9072162556994858, 0.5773044436283511, 0.28830139438761354, 0.2719797596457938, 0.15762463343108504, 0.9985283296541575, 0.9907834101382489, 0.15762463343108504, 0.9262984949139907)
ACMEindependent1_B07_HLA-B*35:08:(0.9582413223140496, 0.8290909090909091, 0.6929375111002565, 0.7974137931034483, 0.6727272727272727, 0.9854545454545455, 0.9788359788359788, 0.6727272727272727, 0.96052710751032)
ACMEindependent1_B07_HLA-B*07:02:(0.9811600796246838, 0.898019801980198, 0.8105139683310966, 0.887817021938696, 0.8047954866008462, 0.99177304964539, 0.9899375433726578, 0.8047954866008462, 0.9833403153109386)
ACMEindependent1_B07_HLA-B*56:01:(0.9830205182647944, 0.8540051679586563, 0.7402702209328699, 0.8290468986384266, 0.7080103359173127, 1.0, 1.0, 0.7080103359173127, 0.987124883909615)
ACMEindependent1_B07_HLA-B*35:01:(0.9567788590630272, 0.8189233278955954, 0.6752314831053741, 0.7837461731143891, 0.6554934823091247, 0.9827344843677088, 0.9743944636678201, 0.6554934823091247, 0.9611390710910759)
ACMEindependent1_B07_HLA-B*51:08:(0.971008, 0.552, 0.2342057229768425, 0.18840579710144925, 0.104, 1.0, 1.0, 0.104, 0.9791722745760991)
ACMEindependent1_B08_HLA-B*08:01:(0.9631885638597047, 0.7445834604821483, 0.5625759743065402, 0.6609963547995139, 0.4978645515558267, 0.9914529914529915, 0.983132530120482, 0.4978645515558267, 0.9627241444556202)
ACMEindependent1_B27_HLA-B*73:01:(0.9856363114047687, 0.5635593220338984, 0.26052505285945304, 0.22556390977443605, 0.1271186440677966, 1.0, 1.0, 0.1271186440677966, 0.9856095231233772)
ACMEindependent1_B27_HLA-B*15:03:(0.9790020683187524, 0.9220430107526881, 0.8443911665245286, 0.9209809264305177, 0.9086021505376344, 0.9354838709677419, 0.9337016574585635, 0.9086021505376344, 0.9736969600996345)
ACMEindependent1_B27_HLA-B*48:01:(0.9618055555555555, 0.7291666666666666, 0.5156879540323449, 0.6486486486486487, 0.5, 0.9583333333333334, 0.9230769230769231, 0.5, 0.9296105311480446)
ACMEindependent1_B27_HLA-B*27:03:(0.9709493266327228, 0.5070422535211268, 0.0842151921066519, 0.02777777777777778, 0.014084507042253521, 1.0, 1.0, 0.014084507042253521, 0.9725716882707353)
ACMEindependent1_B27_HLA-B*39:06:(0.9727677196964666, 0.5675675675675675, 0.26059327737456794, 0.24463519313304719, 0.14004914004914004, 0.995085995085995, 0.9661016949152542, 0.14004914004914004, 0.9650199170078618)
ACMEindependent1_B27_HLA-B*27:20:(0.9778393351800554, 0.7631578947368421, 0.5976143046671968, 0.6896551724137931, 0.5263157894736842, 1.0, 1.0, 0.5263157894736842, 0.9776485995220716)
ACMEindependent1_B27_HLA-B*27:09:(0.8862727858014549, 0.7642058165548098, 0.5896131238134592, 0.697647733792312, 0.5433422698838248, 0.985663082437276, 0.9743589743589743, 0.5433422698838248, 0.907514335466377)
ACMEindependent1_B27_HLA-B*39:01:(0.9864471090426715, 0.8116302186878728, 0.6672974861907697, 0.7709969788519638, 0.6335650446871897, 0.9900497512437811, 0.9845679012345679, 0.6335650446871897, 0.9843088069519768)
ACMEindependent1_B27_HLA-B*27:01:(0.9900398275237814, 0.7293136626042335, 0.541423946900587, 0.631762652705061, 0.4641025641025641, 0.9948652118100129, 0.9890710382513661, 0.4641025641025641, 0.9796782227705799)
ACMEindependent1_B27_HLA-B*27:05:(0.7467392572327536, 0.6383499546690843, 0.3901305790812692, 0.4465103371721937, 0.2905381003972553, 0.989075018208303, 0.9640503295386459, 0.2905381003972553, 0.8033987287590201)
ACMEindependent1_B27_HLA-B*27:02:(0.9824735835674977, 0.7423220973782771, 0.5573932499065356, 0.6573705179282868, 0.4947526236881559, 0.9895209580838323, 0.9792284866468842, 0.4947526236881559, 0.9715856694754863)
ACMEindependent1_B27_HLA-B*27:06:(0.9795770857362553, 0.6803921568627451, 0.46524020158607254, 0.5329512893982808, 0.36470588235294116, 0.996078431372549, 0.9893617021276596, 0.36470588235294116, 0.977198578529664)
ACMEindependent1_B27_HLA-B*27:07:(0.9919335640138408, 0.8282352941176471, 0.6952764978603437, 0.7943661971830986, 0.6635294117647059, 0.9929411764705882, 0.9894736842105263, 0.6635294117647059, 0.9907822115692627)
ACMEindependent1_B27_HLA-B*38:01:(0.9912553237123509, 0.6912582112177867, 0.48260088020081676, 0.5562817719680464, 0.38686868686868686, 0.9959555106167847, 0.9896640826873385, 0.38686868686868686, 0.9887313270253894)
ACMEindependent1_B27_HLA-B*39:24:(0.9878379271597595, 0.6747967479674797, 0.45213088014483344, 0.5238095238095237, 0.35772357723577236, 0.991869918699187, 0.9777777777777777, 0.35772357723577236, 0.9817799893922927)
ACMEindependent1_B27_HLA-B*15:11:(0.9694411571334649, 0.8179487179487179, 0.6798834181250946, 0.7788161993769471, 0.6410256410256411, 0.9948717948717949, 0.9920634920634921, 0.6410256410256411, 0.9689492216205504)
ACMEindependent1_B27_HLA-B*14:01:(0.9725, 0.625, 0.3779644730092272, 0.4, 0.25, 1.0, 1.0, 0.25, 0.9764438723620645)
ACMEindependent1_B27_HLA-B*27:04:(0.9866698592160545, 0.7379110251450677, 0.5571831748822191, 0.645751633986928, 0.47775628626692457, 0.9980657640232108, 0.9959677419354839, 0.47775628626692457, 0.9866063067387378)
ACMEindependent1_B27_HLA-B*15:18:(0.9729295267489712, 0.6435185185185185, 0.38948289033366756, 0.46153846153846156, 0.3055555555555556, 0.9814814814814815, 0.9428571428571428, 0.3055555555555556, 0.955019940014542)
ACMEindependent1_B27_HLA-B*15:09:(1.0, 0.6190476190476191, 0.36760731104690386, 0.3846153846153846, 0.23809523809523808, 1.0, 1.0, 0.23809523809523808, 1.0)
ACMEindependent1_B27_HLA-B*27:08:(0.9806797853309481, 0.8230500582072177, 0.6859055553708168, 0.7877094972067038, 0.6558139534883721, 0.9906759906759907, 0.986013986013986, 0.6558139534883721, 0.9725257636797868)
ACMEindependent1_B27_HLA-B*14:02:(0.9513317399453204, 0.5267665952890792, 0.1673565216341053, 0.10344827586206896, 0.05454545454545454, 1.0, 1.0, 0.05454545454545454, 0.951368277053964)
ACMEindependent1_B44_HLA-B*13:02:(0.8758512819304365, 0.5006067961165048, 0.024640709031819093, 0.0024242424242424242, 0.0012135922330097086, 1.0, 1.0, 0.0012135922330097086, 0.8708130344235385)
ACMEindependent1_B44_HLA-B*37:01:(0.9750298796397611, 0.7541284403669725, 0.5776552544675337, 0.677496991576414, 0.5165137614678899, 0.9917431192660551, 0.9842657342657343, 0.5165137614678899, 0.9702842622863486)
ACMEindependent1_B44_HLA-B*45:01:(0.9792593507083303, 0.8841870824053452, 0.7871222745102399, 0.8702163061564059, 0.7759643916913946, 0.9925705794947994, 0.990530303030303, 0.7759643916913946, 0.9801250476188385)
ACMEindependent1_B44_HLA-B*44:27:(0.998810232004759, 0.9512195121951219, 0.9067647005823629, 0.9487179487179488, 0.9024390243902439, 1.0, 1.0, 0.9024390243902439, 0.9988098779071415)
ACMEindependent1_B44_HLA-B*41:01:(0.9759670781893004, 0.8851851851851852, 0.7798635358208025, 0.8755020080321286, 0.8074074074074075, 0.9629629629629629, 0.956140350877193, 0.8074074074074075, 0.9669389266052706)
ACMEindependent1_B44_HLA-B*18:01:(0.9867800453514739, 0.834920634920635, 0.7096336746993501, 0.8022813688212928, 0.6698412698412698, 1.0, 1.0, 0.6698412698412698, 0.9894432192909284)
ACMEindependent1_B44_HLA-B*49:01:(0.9890416271873794, 0.5741716867469879, 0.2810079363591484, 0.2612671456564337, 0.1504890895410083, 0.9984928409947249, 0.9900990099009901, 0.1504890895410083, 0.9871698779305587)
ACMEindependent1_B44_HLA-B*18:03:(0.9938271604938271, 0.75, 0.5773502691896258, 0.6666666666666666, 0.5, 1.0, 1.0, 0.5, 0.993905344512662)
ACMEindependent1_B44_HLA-B*44:03:(0.9910755385250712, 0.863697705802969, 0.7531555810014379, 0.8435321456235476, 0.734322319622387, 0.9932478055367995, 0.9909008189262967, 0.734322319622387, 0.9897314055982838)
ACMEindependent1_B44_HLA-B*40:01:(0.9859114902443794, 0.9102099927588704, 0.830679272856919, 0.9027450980392157, 0.8322487346348517, 0.9883973894126178, 0.9862896315338475, 0.8322487346348517, 0.9836156109323606)
ACMEindependent1_B44_HLA-B*50:01:(0.9830099369925708, 0.7634285714285715, 0.5965761215136893, 0.6915052160953801, 0.5296803652968036, 0.9977116704805492, 0.9957081545064378, 0.5296803652968036, 0.9838847117924756)
ACMEindependent1_B44_HLA-B*44:02:(0.9869644753924229, 0.8362303096143401, 0.7088117021949562, 0.8067926946491509, 0.6805405405405406, 0.9934497816593887, 0.990558615263572, 0.6805405405405406, 0.9866970713766042)
ACMEindependent1_B44_HLA-B*40:02:(0.9834300974987477, 0.8932316491897044, 0.8000264597900264, 0.8826610790990046, 0.8019990480723465, 0.98472553699284, 0.9813628421665695, 0.8019990480723465, 0.9795527742129373)
ACMEindependent1_B58_HLA-B*15:17:(0.9780277574872169, 0.9121621621621622, 0.8280373450816243, 0.9078014184397162, 0.8648648648648649, 0.9594594594594594, 0.9552238805970149, 0.8648648648648649, 0.9776621228169884)
ACMEindependent1_B58_HLA-B*57:03:(0.9593463380427595, 0.7117148906139732, 0.5128928059656018, 0.5989199803632793, 0.4301833568406206, 0.9936440677966102, 0.9854604200323102, 0.4301833568406206, 0.9625336284715156)
ACMEindependent1_B58_HLA-B*57:01:(0.9445760462926747, 0.7528643751665335, 0.5789662971961527, 0.6739321497627001, 0.5102475379291989, 0.995998933048813, 0.9922360248447205, 0.5102475379291989, 0.956966075072526)
ACMEindependent1_B58_HLA-B*58:01:(0.975822285510858, 0.8826415094339622, 0.78257515840254, 0.8689422671723558, 0.7781132075471698, 0.9871698113207548, 0.9837786259541985, 0.7781132075471698, 0.976343794465336)
ACMEindependent1_B62_HLA-B*46:01:(0.9445161699127941, 0.5303482587064676, 0.17290659132489436, 0.11940298507462686, 0.0636182902584493, 0.99800796812749, 0.9696969696969697, 0.0636182902584493, 0.9427549209946974)
ACMEindependent1_B62_HLA-B*15:02:(0.9658154891801437, 0.8346709470304976, 0.699872324158454, 0.8063909774436091, 0.6886035313001605, 0.9807383627608347, 0.9727891156462585, 0.6886035313001605, 0.9640265337681866)
ACMEindependent1_B62_HLA-B*15:01:(0.9783198981824527, 0.889124893797791, 0.792475781260636, 0.8781322957198444, 0.7959932279909706, 0.9829448550312677, 0.9791738979521, 0.7959932279909706, 0.9770018387606734)
ACMEindependent1_B62_HLA-B*15:42:(0.7758381273556834, 0.5, nan, nan, 0.0, 1.0, nan, 0.0, 0.6988830968846738)
ACMEindependent1_B62_HLA-B*52:01:(0.9205624543462382, 0.5050675675675675, 0.07136791021047098, 0.020066889632107024, 0.010135135135135136, 1.0, 1.0, 0.010135135135135136, 0.9346471693304906)

