Anthemindependent1_8_HLA-A*01:01:(0.9470553242117787, 0.8475609756097561, 0.6976686699527992, 0.8407643312101911, 0.8048780487804879, 0.8902439024390244, 0.88, 0.8048780487804879, 0.9434755833671749)
Anthemindependent1_8_HLA-A*02:01:(0.8991780547295266, 0.8410404624277457, 0.6881899753533691, 0.8297213622291021, 0.7745664739884393, 0.9075144508670521, 0.8933333333333333, 0.7745664739884393, 0.9075717812497872)
Anthemindependent1_8_HLA-A*02:02:(0.855, 0.85, 0.7337993857053428, 0.8235294117647058, 0.7, 1.0, 1.0, 0.7, 0.9090909090909092)
Anthemindependent1_8_HLA-A*02:03:(0.9285714285714286, 0.9285714285714286, 0.8660254037844387, 0.923076923076923, 0.8571428571428571, 1.0, 1.0, 0.8571428571428571, 0.9642857142857143)
Anthemindependent1_8_HLA-A*02:04:(1.0, 0.85, 0.7337993857053428, 0.8235294117647058, 0.7, 1.0, 1.0, 0.7, 1.0)
Anthemindependent1_8_HLA-A*02:05:(0.75, 0.75, 0.5, 0.75, 0.75, 0.75, 0.75, 0.75, 0.8125)
Anthemindependent1_8_HLA-A*02:06:(0.5, 0.5, nan, nan, 0.0, 1.0, nan, 0.0, 0.75)
Anthemindependent1_8_HLA-A*02:07:(0.9615384615384616, 0.9615384615384616, 0.9258200997725515, 0.9600000000000001, 0.9230769230769231, 1.0, 1.0, 0.9230769230769231, 0.9807692307692308)
Anthemindependent1_8_HLA-A*02:11:(0.9, 0.9, 0.816496580927726, 0.888888888888889, 0.8, 1.0, 1.0, 0.8, 0.95)
Anthemindependent1_8_HLA-A*03:01:(0.9810399310542948, 0.9322033898305084, 0.8649038508807408, 0.9310344827586206, 0.9152542372881356, 0.9491525423728814, 0.9473684210526315, 0.9152542372881356, 0.9859903913405673)
Anthemindependent1_8_HLA-A*11:01:(0.9367346938775509, 0.8142857142857143, 0.6504436355879909, 0.7868852459016394, 0.6857142857142857, 0.9428571428571428, 0.9230769230769231, 0.6857142857142857, 0.9044193609994919)
Anthemindependent1_8_HLA-A*23:01:(0.6799999999999999, 0.7, 0.5, 0.5714285714285715, 0.4, 1.0, 1.0, 0.4, 0.78)
Anthemindependent1_8_HLA-A*24:02:(0.9343100189035918, 0.7717391304347826, 0.5749025622728424, 0.7272727272727272, 0.6086956521739131, 0.9347826086956522, 0.9032258064516129, 0.6086956521739131, 0.9276485227913089)
Anthemindependent1_8_HLA-A*24:13:(1.0, 0.5, nan, nan, 0.0, 1.0, nan, 0.0, 1.0)
Anthemindependent1_8_HLA-A*25:01:(0.5, 0.5, nan, nan, 0.0, 1.0, nan, 0.0, 0.75)
Anthemindependent1_8_HLA-A*26:01:(0.5, 0.5, nan, nan, 0.0, 1.0, nan, 0.0, 0.75)
Anthemindependent1_8_HLA-A*29:02:(0.9670970428987922, 0.8979591836734694, 0.8130294884889123, 0.8863636363636364, 0.7959183673469388, 1.0, 1.0, 0.7959183673469388, 0.9767801300969142)
Anthemindependent1_8_HLA-A*30:01:(1.0, 1.0, 1.0, 1.0, 1.0, 1.0, 1.0, 1.0, 1.0)
Anthemindependent1_8_HLA-A*30:02:(1.0, 1.0, 1.0, 1.0, 1.0, 1.0, 1.0, 1.0, 1.0)
Anthemindependent1_8_HLA-A*31:01:(0.986111111111111, 0.9166666666666666, 0.8451542547285166, 0.923076923076923, 1.0, 0.8333333333333334, 0.8571428571428571, 1.0, 0.9876373626373627)
Anthemindependent1_8_HLA-A*32:01:(0.8, 0.8, 0.6546536707079772, 0.7499999999999999, 0.6, 1.0, 1.0, 0.6, 0.9)
Anthemindependent1_8_HLA-A*33:01:(0.9149999999999999, 0.925, 0.8510644963469901, 0.9230769230769231, 0.9, 0.95, 0.9473684210526315, 0.9, 0.9404462242562929)
Anthemindependent1_8_HLA-A*66:01:(0.8641975308641975, 0.7777777777777778, 0.6201736729460423, 0.7142857142857143, 0.5555555555555556, 1.0, 1.0, 0.5555555555555556, 0.9166666666666666)
Anthemindependent1_8_HLA-A*68:01:(0.6666666666666667, 0.5, nan, nan, 0.0, 1.0, nan, 0.0, 0.7499999999999999)
Anthemindependent1_8_HLA-A*68:02:(0.8671875, 0.625, 0.3779644730092272, 0.4, 0.25, 1.0, 1.0, 0.25, 0.9125)
Anthemindependent1_8_HLA-B*07:02:(0.9817870485678706, 0.9179954441913439, 0.843955857900368, 0.9121951219512195, 0.85, 0.9863013698630136, 0.9842105263157894, 0.85, 0.9856550502463711)
Anthemindependent1_8_HLA-B*08:01:(0.983032713715606, 0.9311594202898551, 0.8645918131571559, 0.9285714285714285, 0.894927536231884, 0.967391304347826, 0.96484375, 0.894927536231884, 0.9851971975205991)
Anthemindependent1_8_HLA-B*13:02:(0.9384, 0.9, 0.8006407690254356, 0.8979591836734694, 0.88, 0.92, 0.9166666666666666, 0.88, 0.942275676675219)
Anthemindependent1_8_HLA-B*14:02:(0.990283067867036, 0.9375, 0.8805244188813444, 0.9337979094076654, 0.881578947368421, 0.993421052631579, 0.9925925925925926, 0.881578947368421, 0.9911048372472384)
Anthemindependent1_8_HLA-B*15:01:(0.98688696564385, 0.9230769230769231, 0.8564306283477924, 0.9170305676855895, 0.8467741935483871, 1.0, 1.0, 0.8467741935483871, 0.9895921431126671)
Anthemindependent1_8_HLA-B*15:02:(0.9910762574364521, 0.9534883720930233, 0.9069767441860465, 0.9534883720930233, 0.9534883720930233, 0.9534883720930233, 0.9534883720930233, 0.9534883720930233, 0.9918585434503004)
Anthemindependent1_8_HLA-B*15:03:(0.996, 0.96, 0.92, 0.96, 0.96, 0.96, 0.96, 0.96, 0.996180056980057)
Anthemindependent1_8_HLA-B*15:17:(1.0, 0.9666666666666667, 0.9354143466934853, 0.967741935483871, 1.0, 0.9333333333333333, 0.9375, 1.0, 1.0)
Anthemindependent1_8_HLA-B*18:01:(0.9882779558104233, 0.9512987012987013, 0.9041427348839163, 0.9498327759197325, 0.922077922077922, 0.9805194805194806, 0.9793103448275862, 0.922077922077922, 0.990516895852823)
Anthemindependent1_8_HLA-B*18:03:(0.9931972789115646, 0.9285714285714286, 0.8660254037844386, 0.923076923076923, 0.8571428571428571, 1.0, 1.0, 0.8571428571428571, 0.9940476190476191)
Anthemindependent1_8_HLA-B*27:01:(0.8925619834710744, 0.8636363636363636, 0.7302967433402214, 0.8571428571428572, 0.8181818181818182, 0.9090909090909091, 0.9, 0.8181818181818182, 0.9358585858585858)
Anthemindependent1_8_HLA-B*27:02:(1.0, 0.5, nan, nan, 0.0, 1.0, nan, 0.0, 1.0)
Anthemindependent1_8_HLA-B*27:04:(0.8333333333333333, 0.8333333333333334, 0.7071067811865476, 0.8, 0.6666666666666666, 1.0, 1.0, 0.6666666666666666, 0.9166666666666666)
Anthemindependent1_8_HLA-B*27:05:(0.837308650765397, 0.6666666666666666, 0.41329383844760303, 0.5267857142857142, 0.3710691823899371, 0.9622641509433962, 0.9076923076923077, 0.3710691823899371, 0.8475728438424239)
Anthemindependent1_8_HLA-B*27:06:(1.0, 1.0, 1.0, 1.0, 1.0, 1.0, 1.0, 1.0, 1.0)
Anthemindependent1_8_HLA-B*27:07:(0.5, 0.5, nan, nan, 0.0, 1.0, nan, 0.0, 0.75)
Anthemindependent1_8_HLA-B*27:08:(0.8333333333333333, 0.8333333333333334, 0.7071067811865476, 0.8, 0.6666666666666666, 1.0, 1.0, 0.6666666666666666, 0.9166666666666666)
Anthemindependent1_8_HLA-B*27:09:(0.9612499999999999, 0.825, 0.693888666488711, 0.787878787878788, 0.65, 1.0, 1.0, 0.65, 0.9672575757575756)
Anthemindependent1_8_HLA-B*35:01:(0.9319470699432892, 0.8804347826086957, 0.7758644224125771, 0.8674698795180723, 0.782608695652174, 0.9782608695652174, 0.972972972972973, 0.782608695652174, 0.9482183362127927)
Anthemindependent1_8_HLA-B*35:03:(0.9444444444444445, 0.9583333333333334, 0.9198662110077999, 0.9565217391304348, 0.9166666666666666, 1.0, 1.0, 0.9166666666666666, 0.9680555555555556)
Anthemindependent1_8_HLA-B*35:08:(0.6666666666666666, 0.6666666666666666, 0.4472135954999579, 0.5, 0.3333333333333333, 1.0, 1.0, 0.3333333333333333, 0.8333333333333333)
Anthemindependent1_8_HLA-B*37:01:(0.9942723658498236, 0.9597156398104265, 0.9217634315437244, 0.9582309582309583, 0.9241706161137441, 0.995260663507109, 0.9948979591836735, 0.9241706161137441, 0.9956655039680624)
Anthemindependent1_8_HLA-B*38:01:(0.8571428571428572, 0.8571428571428571, 0.7453559924999299, 0.8333333333333333, 0.7142857142857143, 1.0, 1.0, 0.7142857142857143, 0.9285714285714286)
Anthemindependent1_8_HLA-B*39:01:(0.944515306122449, 0.875, 0.762251709072659, 0.8627450980392156, 0.7857142857142857, 0.9642857142857143, 0.9565217391304348, 0.7857142857142857, 0.9593381378891349)
Anthemindependent1_8_HLA-B*39:06:(0.9135802469135802, 0.8888888888888888, 0.7777777777777778, 0.8888888888888888, 0.8888888888888888, 0.8888888888888888, 0.8888888888888888, 0.8888888888888888, 0.9475308641975309)
Anthemindependent1_8_HLA-B*39:24:(1.0, 0.98, 0.9607689228305227, 0.9803921568627451, 1.0, 0.96, 0.9615384615384616, 1.0, 1.0)
Anthemindependent1_8_HLA-B*40:01:(0.9881093935790726, 0.896551724137931, 0.8106434833777776, 0.8846153846153846, 0.7931034482758621, 1.0, 1.0, 0.7931034482758621, 0.9883938885085992)
Anthemindependent1_8_HLA-B*40:02:(0.9911246081504703, 0.9640062597809077, 0.9296640470958363, 0.9629629629629629, 0.934375, 0.9937304075235109, 0.9933554817275747, 0.934375, 0.9934407630877364)
Anthemindependent1_8_HLA-B*41:01:(0.8333333333333333, 0.8333333333333334, 0.7071067811865476, 0.8, 0.6666666666666666, 1.0, 1.0, 0.6666666666666666, 0.9166666666666666)
Anthemindependent1_8_HLA-B*44:02:(0.9817898022892819, 0.9193548387096774, 0.8498365855987975, 0.9122807017543859, 0.8387096774193549, 1.0, 1.0, 0.8387096774193549, 0.9832586985812792)
Anthemindependent1_8_HLA-B*44:03:(0.9789540816326531, 0.9821428571428571, 0.9649012813540154, 0.9818181818181818, 0.9642857142857143, 1.0, 1.0, 0.9642857142857143, 0.98828125)
Anthemindependent1_8_HLA-B*45:01:(0.875, 0.875, 0.7745966692414834, 0.8571428571428571, 0.75, 1.0, 1.0, 0.75, 0.9375)
Anthemindependent1_8_HLA-B*46:01:(0.95458984375, 0.9375, 0.8767140075192094, 0.9354838709677419, 0.90625, 0.96875, 0.9666666666666667, 0.90625, 0.9695113914847678)
Anthemindependent1_8_HLA-B*49:01:(0.9929672302857998, 0.9724770642201835, 0.9451157977895304, 0.9723076923076923, 0.9634146341463414, 0.9815950920245399, 0.9813664596273292, 0.9634146341463414, 0.9949308951541747)
Anthemindependent1_8_HLA-B*50:01:(0.7857142857142857, 0.7857142857142857, 0.6324555320336759, 0.7272727272727273, 0.5714285714285714, 1.0, 1.0, 0.5714285714285714, 0.8928571428571428)
Anthemindependent1_8_HLA-B*51:01:(0.9714158516592233, 0.924812030075188, 0.8515760304134555, 0.9221789883268482, 0.8909774436090225, 0.9586466165413534, 0.9556451612903226, 0.8909774436090225, 0.9708121282363182)
Anthemindependent1_8_HLA-B*51:08:(0.9705882352941176, 0.9705882352941176, 0.9428090415820634, 0.9696969696969697, 0.9411764705882353, 1.0, 1.0, 0.9411764705882353, 0.9852941176470589)
Anthemindependent1_8_HLA-B*52:01:(0.9870196311719215, 0.9707317073170731, 0.9418669181876839, 0.9702970297029703, 0.9560975609756097, 0.9853658536585366, 0.9849246231155779, 0.9560975609756097, 0.9904442148444004)
Anthemindependent1_8_HLA-B*53:01:(0.98, 0.9, 0.8017837257372731, 0.9032258064516129, 0.9333333333333333, 0.8666666666666667, 0.875, 0.9333333333333333, 0.9852272727272727)
Anthemindependent1_8_HLA-B*54:01:(0.893491124260355, 0.8846153846153846, 0.7905694150420949, 0.8695652173913044, 0.7692307692307693, 1.0, 1.0, 0.7692307692307693, 0.9322649572649573)
Anthemindependent1_8_HLA-B*57:01:(0.9406604213032452, 0.8669064748201439, 0.7480611772822934, 0.852589641434263, 0.7697841726618705, 0.9640287769784173, 0.9553571428571429, 0.7697841726618705, 0.948440494281237)
Anthemindependent1_8_HLA-B*57:03:(0.9611943024105186, 0.9054054054054054, 0.8111071056538126, 0.9041095890410958, 0.8918918918918919, 0.918918918918919, 0.9166666666666666, 0.8918918918918919, 0.9677162821484925)
Anthemindependent1_8_HLA-B*58:01:(0.9823022468451832, 0.9254385964912281, 0.8548661395241095, 0.9216589861751152, 0.8771929824561403, 0.9736842105263158, 0.970873786407767, 0.8771929824561403, 0.9856920045214591)
Anthemindependent1_8_HLA-C*01:02:(0.9611559392006004, 0.8767123287671232, 0.7638152219916745, 0.8656716417910448, 0.7945205479452054, 0.958904109589041, 0.9508196721311475, 0.7945205479452054, 0.969342767348212)
Anthemindependent1_8_HLA-C*02:02:(0.9776, 0.9, 0.8006407690254356, 0.8979591836734694, 0.88, 0.92, 0.9166666666666666, 0.88, 0.9794639610389609)
Anthemindependent1_8_HLA-C*03:03:(0.9639423076923077, 0.8942307692307693, 0.7957040966440954, 0.88659793814433, 0.8269230769230769, 0.9615384615384616, 0.9555555555555556, 0.8269230769230769, 0.9731724148824605)
Anthemindependent1_8_HLA-C*03:04:(0.9925333333333333, 0.9466666666666667, 0.8962057951940596, 0.9444444444444444, 0.9066666666666666, 0.9866666666666667, 0.9855072463768116, 0.9066666666666666, 0.9922453924312348)
Anthemindependent1_8_HLA-C*04:01:(0.9634373394966615, 0.8980169971671388, 0.8061588854115226, 0.8888888888888891, 0.8181818181818182, 0.9774011299435028, 0.972972972972973, 0.8181818181818182, 0.9723746798567197)
Anthemindependent1_8_HLA-C*05:01:(0.9982101806239737, 0.9742120343839542, 0.9496803691759669, 0.9734513274336283, 0.9482758620689655, 1.0, 1.0, 0.9482758620689655, 0.9983154981577776)
Anthemindependent1_8_HLA-C*06:02:(0.967687074829932, 0.9047619047619048, 0.8246211251235321, 0.8947368421052632, 0.8095238095238095, 1.0, 1.0, 0.8095238095238095, 0.977751756440281)
Anthemindependent1_8_HLA-C*07:01:(0.9727359693877552, 0.875, 0.7577722283113838, 0.8653846153846154, 0.8035714285714286, 0.9464285714285714, 0.9375, 0.8035714285714286, 0.9586213905969668)
Anthemindependent1_8_HLA-C*07:02:(0.9963243484072177, 0.9850746268656716, 0.9701492537313433, 0.9850746268656716, 0.9850746268656716, 0.9850746268656716, 0.9850746268656716, 0.9850746268656716, 0.9958556038621419)
Anthemindependent1_8_HLA-C*07:04:(0.9550173010380625, 0.8676470588235294, 0.7513913622228603, 0.8524590163934426, 0.7647058823529411, 0.9705882352941176, 0.9629629629629629, 0.7647058823529411, 0.9640911120149874)
Anthemindependent1_8_HLA-C*08:02:(0.990246644184355, 0.9788732394366197, 0.9577570341236503, 0.9788235294117646, 0.9765258215962441, 0.9812206572769953, 0.9811320754716981, 0.9765258215962441, 0.9908797684758168)
Anthemindependent1_8_HLA-C*12:03:(0.9711481261154076, 0.8902439024390244, 0.7863570994927847, 0.883116883116883, 0.8292682926829268, 0.9512195121951219, 0.9444444444444444, 0.8292682926829268, 0.9772439426620612)
Anthemindependent1_8_HLA-C*14:02:(0.9983563445101906, 0.9829059829059829, 0.9658119658119658, 0.9829059829059829, 0.9829059829059829, 0.9829059829059829, 0.9829059829059829, 0.9829059829059829, 0.9982646567880692)
Anthemindependent1_8_HLA-C*15:02:(0.9897041420118342, 0.8923076923076924, 0.7983381415710918, 0.8813559322033898, 0.8, 0.9846153846153847, 0.9811320754716981, 0.8, 0.989576453909332)
Anthemindependent1_8_HLA-C*16:01:(0.983025, 0.9325, 0.8674431242755473, 0.92987012987013, 0.895, 0.97, 0.9675675675675676, 0.895, 0.9857823463028763)
Anthemindependent1_8_HLA-C*17:01:(0.964626736111111, 0.875, 0.766825781116149, 0.8604651162790697, 0.7708333333333334, 0.9791666666666666, 0.9736842105263158, 0.7708333333333334, 0.9715378563917711)
Anthemindependent1_9_HLA-A*01:01:(0.9833208345832083, 0.9406663623916021, 0.8839390225828634, 0.9383301707779885, 0.9023722627737226, 0.9789954337899544, 0.9772727272727273, 0.9023722627737226, 0.9861303967339345)
Anthemindependent1_9_HLA-A*02:01:(0.9583622986336626, 0.8792856211706427, 0.7704909720332285, 0.8689869835880024, 0.7943610967408173, 0.9655716162943495, 0.9590880699562774, 0.7943610967408173, 0.9637968232556182)
Anthemindependent1_9_HLA-A*02:02:(0.9754648369285435, 0.9173947577442415, 0.8351412763170144, 0.9163987138263666, 0.9033280507131537, 0.9315286624203821, 0.9298531810766721, 0.9033280507131537, 0.9752213766483411)
Anthemindependent1_9_HLA-A*02:03:(0.9762794092392238, 0.905019305019305, 0.8146923256922528, 0.8997555012224938, 0.8518518518518519, 0.9582689335394127, 0.9533678756476683, 0.8518518518518519, 0.9766581570595635)
Anthemindependent1_9_HLA-A*02:04:(0.9816441207075963, 0.9376344086021505, 0.8776179581053959, 0.9352678571428572, 0.9010752688172043, 0.9741935483870968, 0.9721577726218097, 0.9010752688172043, 0.9862532000515223)
Anthemindependent1_9_HLA-A*02:05:(0.9899724583565054, 0.9430431244914564, 0.8866513015497505, 0.9419568822553896, 0.9250814332247557, 0.9609756097560975, 0.9594594594594594, 0.9250814332247557, 0.9874430462370597)
Anthemindependent1_9_HLA-A*02:06:(0.9686756941925603, 0.8829613500272183, 0.7735733538361499, 0.8740480374926772, 0.8126361655773421, 0.9532100108813928, 0.9455006337135615, 0.8126361655773421, 0.967927318637552)
Anthemindependent1_9_HLA-A*02:07:(0.9860518727248805, 0.9478476821192053, 0.896138856570711, 0.9470142977291842, 0.9321192052980133, 0.9635761589403974, 0.9623931623931624, 0.9321192052980133, 0.9856939225693828)
Anthemindependent1_9_HLA-A*02:11:(0.9623847714491905, 0.915129151291513, 0.831073469181763, 0.9132075471698113, 0.8929889298892989, 0.9372693726937269, 0.9343629343629344, 0.8929889298892989, 0.9394138661701996)
Anthemindependent1_9_HLA-A*02:12:(0.9361224489795918, 0.8785714285714286, 0.7634795457695422, 0.8702290076335878, 0.8142857142857143, 0.9428571428571428, 0.9344262295081968, 0.8142857142857143, 0.9464884594439411)
Anthemindependent1_9_HLA-A*02:16:(0.9769888231426693, 0.8974358974358975, 0.8121419014464814, 0.8857142857142858, 0.7948717948717948, 1.0, 1.0, 0.7948717948717948, 0.9843324243481614)
Anthemindependent1_9_HLA-A*02:17:(0.9530321046373365, 0.8103448275862069, 0.6708203932499369, 0.7659574468085107, 0.6206896551724138, 1.0, 1.0, 0.6206896551724138, 0.9589118287877461)
Anthemindependent1_9_HLA-A*02:19:(0.9616, 0.9, 0.8058229640253803, 0.8936170212765958, 0.84, 0.96, 0.9545454545454546, 0.84, 0.9692762747099831)
Anthemindependent1_9_HLA-A*02:20:(0.9985272641766293, 0.9825870646766169, 0.9651860745036894, 0.9826302729528535, 0.9850746268656716, 0.9800995024875622, 0.9801980198019802, 0.9850746268656716, 0.9984829258297516)
Anthemindependent1_9_HLA-A*02:50:(0.9537037037037037, 0.8055555555555556, 0.6633249580710799, 0.7586206896551725, 0.6111111111111112, 1.0, 1.0, 0.6111111111111112, 0.9682683387017754)
Anthemindependent1_9_HLA-A*03:01:(0.9850860699955664, 0.9332977588046958, 0.8697995697057029, 0.9305169538632573, 0.8908994145822245, 0.9759229534510433, 0.9738219895287958, 0.8908994145822245, 0.9842736661984677)
Anthemindependent1_9_HLA-A*11:01:(0.9734985270944736, 0.9165205191160997, 0.8378580364443841, 0.9120473022912047, 0.8635409377186843, 0.969760900140647, 0.966327329678935, 0.8635409377186843, 0.9776775477598855)
Anthemindependent1_9_HLA-A*23:01:(0.9875629815565247, 0.948005698005698, 0.89858647265901, 0.9460458240946047, 0.9103840682788051, 0.985734664764622, 0.9846153846153847, 0.9103840682788051, 0.988912247485662)
Anthemindependent1_9_HLA-A*24:02:(0.9706342623391697, 0.9104589917231001, 0.827618701569329, 0.9047237790232185, 0.8477119279819955, 0.9735849056603774, 0.9699570815450643, 0.8477119279819955, 0.9760062671709789)
Anthemindependent1_9_HLA-A*24:03:(0.9474030243261014, 0.8910256410256411, 0.7931447621298386, 0.8811188811188813, 0.8076923076923077, 0.9743589743589743, 0.9692307692307692, 0.8076923076923077, 0.951189885140646)
Anthemindependent1_9_HLA-A*24:06:(0.9489603024574671, 0.8913043478260869, 0.7893522173763263, 0.8837209302325583, 0.8260869565217391, 0.9565217391304348, 0.95, 0.8260869565217391, 0.970334659039763)
Anthemindependent1_9_HLA-A*24:13:(1.0, 0.9333333333333333, 0.8744746321952062, 0.9285714285714286, 0.8666666666666667, 1.0, 1.0, 0.8666666666666667, 1.0)
Anthemindependent1_9_HLA-A*25:01:(0.9796371882086168, 0.9523809523809523, 0.9054191367779397, 0.9514563106796117, 0.9333333333333333, 0.9714285714285714, 0.9702970297029703, 0.9333333333333333, 0.9815124748850605)
Anthemindependent1_9_HLA-A*26:01:(0.9854487040435248, 0.950363196125908, 0.9026574050857801, 0.9486858573216521, 0.9176755447941889, 0.9830508474576272, 0.9818652849740933, 0.9176755447941889, 0.9841067334758933)
Anthemindependent1_9_HLA-A*26:02:(0.967305289462724, 0.8775510204081632, 0.771335668566404, 0.8636363636363635, 0.7755102040816326, 0.9795918367346939, 0.9743589743589743, 0.7755102040816326, 0.9785534474047364)
Anthemindependent1_9_HLA-A*26:03:(0.9830246913580247, 0.8888888888888888, 0.7977240352174656, 0.8750000000000001, 0.7777777777777778, 1.0, 1.0, 0.7777777777777778, 0.9849348750664539)
Anthemindependent1_9_HLA-A*29:02:(0.9800296398012969, 0.9367406786761625, 0.8760503852495927, 0.9343763581051716, 0.8988294314381271, 0.9748110831234257, 0.9728506787330317, 0.8988294314381271, 0.977866361800307)
Anthemindependent1_9_HLA-A*30:01:(0.948250834663957, 0.8629518072289156, 0.7411526363307365, 0.8475711892797321, 0.7620481927710844, 0.963855421686747, 0.9547169811320755, 0.7620481927710844, 0.9497714273865845)
Anthemindependent1_9_HLA-A*30:02:(0.9409478635204083, 0.8973214285714286, 0.800924716614791, 0.8904761904761905, 0.8348214285714286, 0.9598214285714286, 0.9540816326530612, 0.8348214285714286, 0.9499897250633527)
Anthemindependent1_9_HLA-A*31:01:(0.9815622489301349, 0.9292811221507891, 0.8594795018212003, 0.927933293627159, 0.9068684516880093, 0.9518779342723005, 0.95, 0.9068684516880093, 0.9817213168557437)
Anthemindependent1_9_HLA-A*32:01:(0.9848399069006731, 0.937871777924653, 0.8769745286003731, 0.9362279511533242, 0.9114927344782034, 0.9642857142857143, 0.9623430962343096, 0.9114927344782034, 0.9853236347817826)
Anthemindependent1_9_HLA-A*32:07:(0.9305555555555556, 0.8611111111111112, 0.7324670207647144, 0.8484848484848485, 0.7777777777777778, 0.9444444444444444, 0.9333333333333333, 0.7777777777777778, 0.9459183654036596)
Anthemindependent1_9_HLA-A*32:15:(0.9977777777777778, 0.9, 0.816496580927726, 0.888888888888889, 0.8, 1.0, 1.0, 0.8, 0.9979166666666666)
Anthemindependent1_9_HLA-A*33:01:(0.9853076216712581, 0.9348484848484848, 0.870180537690796, 0.9337442218798151, 0.9181818181818182, 0.9515151515151515, 0.9498432601880877, 0.9181818181818182, 0.987220209491787)
Anthemindependent1_9_HLA-A*66:01:(0.9834625396106835, 0.9414893617021277, 0.8880180219601442, 0.9382022471910113, 0.8882978723404256, 0.9946808510638298, 0.9940476190476191, 0.8882978723404256, 0.9878888530903452)
Anthemindependent1_9_HLA-A*68:01:(0.9867209636101787, 0.9343811394891945, 0.8717626046592463, 0.9317531671434409, 0.8934169278996865, 0.9755713159968479, 0.9735269000853971, 0.8934169278996865, 0.9834882754770867)
Anthemindependent1_9_HLA-A*68:02:(0.9611135364065808, 0.886986301369863, 0.778493885418466, 0.880722891566265, 0.8335233751425314, 0.9405714285714286, 0.933588761174968, 0.8335233751425314, 0.9632358837531282)
Anthemindependent1_9_HLA-A*68:23:(0.9792387543252594, 0.9117647058823529, 0.8366600265340755, 0.9032258064516129, 0.8235294117647058, 1.0, 1.0, 0.8235294117647058, 0.9808823529411764)
Anthemindependent1_9_HLA-A*69:01:(0.9735725308641975, 0.9074074074074074, 0.8190743471163849, 0.9024390243902439, 0.8564814814814815, 0.9583333333333334, 0.9536082474226805, 0.8564814814814815, 0.9720781506554959)
Anthemindependent1_9_HLA-A*80:01:(0.9579475308641976, 0.9166666666666666, 0.8333333333333334, 0.9166666666666666, 0.9166666666666666, 0.9166666666666666, 0.9166666666666666, 0.9166666666666666, 0.9439277182655513)
Anthemindependent1_9_HLA-B*07:02:(0.9837091286414883, 0.9357841967056577, 0.8741872053625118, 0.9334652485777888, 0.8977164605137964, 0.9741255390512698, 0.9721792890262752, 0.8977164605137964, 0.9859721082669265)
Anthemindependent1_9_HLA-B*08:01:(0.9748549416855873, 0.9127429805615551, 0.829669923997898, 0.9081818181818181, 0.8626943005181347, 0.9628349178910977, 0.9587332053742802, 0.8626943005181347, 0.9780367888112572)
Anthemindependent1_9_HLA-B*13:02:(0.9942261477481977, 0.9706703910614525, 0.9417082378833432, 0.9702549575070821, 0.9567039106145251, 0.9846368715083799, 0.9841954022988506, 0.9567039106145251, 0.9924701299556297)
Anthemindependent1_9_HLA-B*14:01:(0.99375, 0.95, 0.9, 0.9500000000000001, 0.95, 0.95, 0.95, 0.95, 0.9938095238095238)
Anthemindependent1_9_HLA-B*14:02:(0.9889884103591358, 0.9475138121546961, 0.8960226823827471, 0.9463276836158191, 0.9241379310344827, 0.970954356846473, 0.9696092619392185, 0.9241379310344827, 0.9872836174722933)
Anthemindependent1_9_HLA-B*15:01:(0.9854608523631954, 0.9290161892901619, 0.861114230129786, 0.926261319534282, 0.8876033057851239, 0.9708090075062552, 0.9684400360685302, 0.8876033057851239, 0.9838160098299068)
Anthemindependent1_9_HLA-B*15:02:(0.9885343078620945, 0.961439588688946, 0.922879177377892, 0.961439588688946, 0.961439588688946, 0.961439588688946, 0.961439588688946, 0.961439588688946, 0.9878515563217758)
Anthemindependent1_9_HLA-B*15:03:(0.9863771831437269, 0.9367088607594937, 0.873462508439159, 0.9363867684478372, 0.9316455696202531, 0.9417721518987342, 0.9411764705882353, 0.9316455696202531, 0.987063985391664)
Anthemindependent1_9_HLA-B*15:09:(1.0, 0.8095238095238095, 0.6695340634119862, 0.7647058823529412, 0.6190476190476191, 1.0, 1.0, 0.6190476190476191, 0.9999999999999999)
Anthemindependent1_9_HLA-B*15:11:(0.9911816578483245, 0.9656084656084656, 0.9327981344055968, 0.9645776566757492, 0.9365079365079365, 0.9947089947089947, 0.9943820224719101, 0.9365079365079365, 0.9939149962553597)
Anthemindependent1_9_HLA-B*15:17:(0.9737005089860817, 0.9228187919463087, 0.8456566295696706, 0.9225589225589227, 0.9194630872483222, 0.9261744966442953, 0.9256756756756757, 0.9194630872483222, 0.9719401684680792)
Anthemindependent1_9_HLA-B*15:18:(0.9969993141289438, 0.9837962962962963, 0.9676859309994651, 0.9839080459770114, 0.9907407407407407, 0.9768518518518519, 0.9771689497716894, 0.9907407407407407, 0.9981580840091107)
Anthemindependent1_9_HLA-B*15:42:(0.9696488791906368, 0.8732394366197183, 0.7512630848271934, 0.8656716417910447, 0.8169014084507042, 0.9295774647887324, 0.9206349206349206, 0.8169014084507042, 0.9696804243819709)
Anthemindependent1_9_HLA-B*18:01:(0.9860335663866673, 0.9326241134751773, 0.8706392337924713, 0.9286608260325406, 0.8770685579196218, 0.9881796690307328, 0.9867021276595744, 0.8770685579196218, 0.9884167031372095)
Anthemindependent1_9_HLA-B*18:03:(0.99658203125, 0.96875, 0.9393364366277243, 0.967741935483871, 0.9375, 1.0, 1.0, 0.9375, 0.9971955128205128)
Anthemindependent1_9_HLA-B*27:01:(0.99945796001658, 0.9886363636363636, 0.9773010614966905, 0.988621997471555, 0.9848866498740554, 0.9924050632911392, 0.9923857868020305, 0.9848866498740554, 0.9994582140437617)
Anthemindependent1_9_HLA-B*27:02:(0.996607294317218, 0.9866156787762906, 0.9734082466946512, 0.9864603481624759, 0.9770114942528736, 0.9961832061068703, 0.99609375, 0.9770114942528736, 0.9976288536378044)
Anthemindependent1_9_HLA-B*27:03:(0.9764994232987313, 0.9411764705882353, 0.8838834764831844, 0.9393939393939394, 0.9117647058823529, 0.9705882352941176, 0.96875, 0.9117647058823529, 0.9842570786428261)
Anthemindependent1_9_HLA-B*27:04:(0.9938125743891338, 0.9746376811594203, 0.9494997507777881, 0.9743589743589742, 0.9637681159420289, 0.9855072463768116, 0.9851851851851852, 0.9637681159420289, 0.9943839323546138)
Anthemindependent1_9_HLA-B*27:05:(0.9156604054859868, 0.7870327641901246, 0.6215972390699516, 0.7396332863187588, 0.6002747252747253, 0.9767441860465116, 0.9632623071271125, 0.6002747252747253, 0.9174299918041419)
Anthemindependent1_9_HLA-B*27:06:(0.9947018143961928, 0.9573170731707317, 0.9179850920431568, 0.9554140127388536, 0.9146341463414634, 1.0, 1.0, 0.9146341463414634, 0.9951575281425972)
Anthemindependent1_9_HLA-B*27:07:(0.9941925925925926, 0.9866666666666667, 0.9734871805013593, 0.9865470852017937, 0.9777777777777777, 0.9955555555555555, 0.995475113122172, 0.9777777777777777, 0.9963348134844227)
Anthemindependent1_9_HLA-B*27:08:(0.9961687390924956, 0.97911227154047, 0.9584356207525587, 0.9789473684210526, 0.96875, 0.9895287958115183, 0.9893617021276596, 0.96875, 0.9974619355692653)
Anthemindependent1_9_HLA-B*27:09:(0.972538977883561, 0.892886345053148, 0.7981668817274747, 0.8829311885612153, 0.8058727569331158, 0.980327868852459, 0.9762845849802372, 0.8058727569331158, 0.9768304854712566)
Anthemindependent1_9_HLA-B*27:20:(0.9847645429362881, 0.8421052631578947, 0.7211102550927978, 0.8125000000000001, 0.6842105263157895, 1.0, 1.0, 0.6842105263157895, 0.9879633867276889)
Anthemindependent1_9_HLA-B*35:01:(0.977305274663129, 0.9154842689697718, 0.8357070150301511, 0.9108653220559532, 0.862600123228589, 0.9684990735021618, 0.9648518263266712, 0.862600123228589, 0.9770078142545493)
Anthemindependent1_9_HLA-B*35:03:(0.9961876596505121, 0.9609530112508272, 0.923020684512205, 0.9600541638456331, 0.9365918097754293, 0.9854111405835544, 0.9847222222222223, 0.9365918097754293, 0.9960087392969292)
Anthemindependent1_9_HLA-B*35:08:(0.9737352534807099, 0.9072164948453608, 0.819720861713509, 0.9016393442622951, 0.8505154639175257, 0.9639175257731959, 0.9593023255813954, 0.8505154639175257, 0.9740022122205557)
Anthemindependent1_9_HLA-B*37:01:(0.9916658836478831, 0.9604922279792746, 0.9218270361595826, 0.9596293845135673, 0.939119170984456, 0.9818652849740933, 0.9810554803788903, 0.939119170984456, 0.9917424646273969)
Anthemindependent1_9_HLA-B*38:01:(0.9988663197709653, 0.982895540623091, 0.9658951852887122, 0.982779827798278, 0.9755799755799756, 0.9902200488997555, 0.990086741016109, 0.9755799755799756, 0.9988998412086335)
Anthemindependent1_9_HLA-B*39:01:(0.9886987015231936, 0.939120631341601, 0.8808434501572867, 0.9367681498829039, 0.9009009009009009, 0.9774266365688488, 0.975609756097561, 0.9009009009009009, 0.9894809585982204)
Anthemindependent1_9_HLA-B*39:06:(0.9914055169825483, 0.963013698630137, 0.9266153037350081, 0.9623430962343095, 0.9452054794520548, 0.9808219178082191, 0.9801136363636364, 0.9452054794520548, 0.9907025192872277)
Anthemindependent1_9_HLA-B*39:24:(0.9846955043043895, 0.9690721649484536, 0.9399442247447813, 0.9680851063829787, 0.9381443298969072, 1.0, 1.0, 0.9381443298969072, 0.9903895999826418)
Anthemindependent1_9_HLA-B*40:01:(0.987798229506746, 0.9509742300439975, 0.9040454410825662, 0.9493506493506493, 0.917189460476788, 0.9848866498740554, 0.9838492597577388, 0.917189460476788, 0.9887295366864904)
Anthemindependent1_9_HLA-B*40:02:(0.9886802239905688, 0.9636524822695035, 0.9277317480657172, 0.9631956912028725, 0.9487179487179487, 0.9786666666666667, 0.9781221513217867, 0.9487179487179487, 0.9864412197729887)
Anthemindependent1_9_HLA-B*41:01:(0.9813567881491458, 0.981651376146789, 0.9634649517815593, 0.9814814814814815, 0.9724770642201835, 0.9908256880733946, 0.9906542056074766, 0.9724770642201835, 0.9855174899281949)
Anthemindependent1_9_HLA-B*44:02:(0.9893274137545539, 0.9505893019038985, 0.9029894590088033, 0.9494199535962877, 0.9199640287769785, 0.9817184643510055, 0.9808245445829339, 0.9199640287769785, 0.9893114658586193)
Anthemindependent1_9_HLA-B*44:03:(0.9954657607045247, 0.9707536557930259, 0.9422827468554626, 0.970183486238532, 0.950561797752809, 0.990990990990991, 0.990632318501171, 0.950561797752809, 0.9714687830657247)
Anthemindependent1_9_HLA-B*45:01:(0.9930510892330018, 0.9614213197969543, 0.9241352324227852, 0.9604166666666667, 0.9350912778904665, 0.9878048780487805, 0.987152034261242, 0.9350912778904665, 0.9934264976337859)
Anthemindependent1_9_HLA-B*45:06:(0.9789724261059314, 0.8661971830985915, 0.7543365091413573, 0.848, 0.7464788732394366, 0.9859154929577465, 0.9814814814814815, 0.7464788732394366, 0.9784015794754615)
Anthemindependent1_9_HLA-B*46:01:(0.981032277907278, 0.9416785206258891, 0.8856109705484426, 0.939617083946981, 0.90625, 0.9772079772079773, 0.9755351681957186, 0.90625, 0.978729737743552)
Anthemindependent1_9_HLA-B*48:01:(0.9635416666666666, 0.9166666666666666, 0.8362420100070908, 0.9130434782608695, 0.875, 0.9583333333333334, 0.9545454545454546, 0.875, 0.9462520146419603)
Anthemindependent1_9_HLA-B*49:01:(0.9943959789704777, 0.9736697750959956, 0.9474860218849749, 0.9734513274336283, 0.9649122807017544, 0.9824368825466521, 0.9821428571428571, 0.9649122807017544, 0.9937415298571177)
Anthemindependent1_9_HLA-B*50:01:(0.9935209466459466, 0.968705547652916, 0.9381588636326473, 0.9681159420289855, 0.9488636363636364, 0.9886039886039886, 0.9881656804733728, 0.9488636363636364, 0.9946698370001846)
Anthemindependent1_9_HLA-B*51:01:(0.981790294437975, 0.9341111873713109, 0.8698355080504837, 0.932299012693935, 0.9042407660738714, 0.9641873278236914, 0.9621542940320232, 0.9042407660738714, 0.98070488464622)
Anthemindependent1_9_HLA-B*51:08:(0.9961474385672636, 0.9795918367346939, 0.9593834825900782, 0.9793814432989691, 0.9693877551020408, 0.9897959183673469, 0.9895833333333334, 0.9693877551020408, 0.995610267605592)
Anthemindependent1_9_HLA-B*52:01:(0.9671214980403542, 0.9457831325301205, 0.8931884167327451, 0.9440993788819876, 0.9156626506024096, 0.9759036144578314, 0.9743589743589743, 0.9156626506024096, 0.9783011063977795)
Anthemindependent1_9_HLA-B*53:01:(0.9844970414201183, 0.96, 0.9204358124356229, 0.959375, 0.9446153846153846, 0.9753846153846154, 0.9746031746031746, 0.9446153846153846, 0.9878346530413464)
Anthemindependent1_9_HLA-B*54:01:(0.981183567940247, 0.9491525423728814, 0.8992240377916572, 0.9479768786127167, 0.9265536723163842, 0.9717514124293786, 0.9704142011834319, 0.9265536723163842, 0.9851669791213131)
Anthemindependent1_9_HLA-B*56:01:(0.9814857618343196, 0.9663461538461539, 0.9330805969414631, 0.9658536585365853, 0.9519230769230769, 0.9807692307692307, 0.9801980198019802, 0.9519230769230769, 0.9851770850733285)
Anthemindependent1_9_HLA-B*57:01:(0.9810697899958969, 0.9353922612708555, 0.8733722565987102, 0.9329403095062637, 0.8972360028348689, 0.9736842105263158, 0.9716039907904835, 0.8972360028348689, 0.9823830699041123)
Anthemindependent1_9_HLA-B*57:03:(0.9834180931117174, 0.9496764917325665, 0.9003096476584087, 0.9485294117647057, 0.9267241379310345, 0.9726618705035971, 0.9713855421686747, 0.9267241379310345, 0.9791443649728385)
Anthemindependent1_9_HLA-B*58:01:(0.9848917743654586, 0.9409252669039145, 0.8841776978585058, 0.9386548410938654, 0.9045584045584045, 0.9772403982930299, 0.9754224270353302, 0.9045584045584045, 0.9840778985854005)
Anthemindependent1_9_HLA-B*73:01:(0.997879159204449, 0.9805825242718447, 0.9613462978473076, 0.9803921568627452, 0.970873786407767, 0.9902912621359223, 0.9900990099009901, 0.970873786407767, 0.9979185086841256)
Anthemindependent1_9_HLA-B*83:01:(0.9641420118343196, 0.9153846153846154, 0.83884918410162, 0.9090909090909091, 0.8461538461538461, 0.9846153846153847, 0.9821428571428571, 0.8461538461538461, 0.9734216852053185)
Anthemindependent1_9_HLA-C*01:02:(0.9905299861758051, 0.9510385756676558, 0.9054358429594584, 0.9488372093023256, 0.9080118694362018, 0.9940652818991098, 0.9935064935064936, 0.9080118694362018, 0.9923479215452131)
Anthemindependent1_9_HLA-C*02:02:(0.9775691429966573, 0.9081004263382283, 0.8205651459291482, 0.9034825870646765, 0.8574126534466477, 0.9591254752851711, 0.9547844374342797, 0.8574126534466477, 0.9716137246048909)
Anthemindependent1_9_HLA-C*03:03:(0.9837619815886876, 0.9357038480272771, 0.8727171163388594, 0.9339999999999999, 0.9085603112840467, 0.9629268292682926, 0.9609053497942387, 0.9085603112840467, 0.9831389336749837)
Anthemindependent1_9_HLA-C*03:04:(0.990718957311144, 0.9514963880288958, 0.904111987812266, 0.9503695881731785, 0.9268795056642637, 0.9762150982419855, 0.9750812567713976, 0.9268795056642637, 0.991094330010605)
Anthemindependent1_9_HLA-C*04:01:(0.9623903961805077, 0.8956495284453909, 0.7964784009492214, 0.8893905191873589, 0.8388077858880778, 0.9525258673158856, 0.9464653397391901, 0.8388077858880778, 0.9632678413058171)
Anthemindependent1_9_HLA-C*05:01:(0.9909969257795345, 0.9368836291913215, 0.876163031110698, 0.9346049046321526, 0.9002624671916011, 0.9736495388669302, 0.9716713881019831, 0.9002624671916011, 0.9896460970490948)
Anthemindependent1_9_HLA-C*06:02:(0.9815812494705854, 0.9034632034632034, 0.8170679019558044, 0.8954524144397562, 0.8254105445116681, 0.981786643538595, 0.9784836065573771, 0.8254105445116681, 0.9806925348544882)
Anthemindependent1_9_HLA-C*07:01:(0.9765406786711833, 0.9071076706544687, 0.8189003529437191, 0.9017857142857143, 0.8535211267605634, 0.960618846694796, 0.9558359621451105, 0.8535211267605634, 0.976966911518802)
Anthemindependent1_9_HLA-C*07:02:(0.9831031616842794, 0.9325018341892883, 0.867374581444787, 0.9301972685887709, 0.8961988304093568, 0.9690721649484536, 0.9668769716088328, 0.8961988304093568, 0.9809117244311218)
Anthemindependent1_9_HLA-C*07:04:(0.9748883538449062, 0.9096989966555183, 0.8227325066603914, 0.9052631578947368, 0.864321608040201, 0.9549248747913188, 0.9502762430939227, 0.864321608040201, 0.9661879621085021)
Anthemindependent1_9_HLA-C*08:02:(0.988223905991604, 0.9362460989745877, 0.8735513049358901, 0.9347329986307622, 0.9118432769367765, 0.9607142857142857, 0.9588014981273408, 0.9118432769367765, 0.985993687442794)
Anthemindependent1_9_HLA-C*12:03:(0.9863177213385053, 0.9416826003824091, 0.8839487053291817, 0.940603700097371, 0.9235181644359465, 0.9598470363288719, 0.9583333333333334, 0.9235181644359465, 0.9825485165726945)
Anthemindependent1_9_HLA-C*14:02:(0.9934892323952966, 0.9655172413793104, 0.9320200958256774, 0.9647058823529412, 0.9425287356321839, 0.9885057471264368, 0.9879518072289156, 0.9425287356321839, 0.9930182461093496)
Anthemindependent1_9_HLA-C*15:02:(0.9880523154799898, 0.9552590266875981, 0.9113370703407204, 0.954290296712109, 0.9340659340659341, 0.9764521193092621, 0.9754098360655737, 0.9340659340659341, 0.9880119296086124)
Anthemindependent1_9_HLA-C*16:01:(0.9859024558519756, 0.9378663540445487, 0.876697159766852, 0.936374549819928, 0.9144196951934349, 0.9613130128956624, 0.959409594095941, 0.9144196951934349, 0.9851511840253327)
Anthemindependent1_9_HLA-C*17:01:(0.9782636738906089, 0.9508196721311475, 0.9031941492729163, 0.9491525423728813, 0.9210526315789473, 0.9803921568627451, 0.9790209790209791, 0.9210526315789473, 0.9842975459004368)
Anthemindependent1_10_HLA-A*01:01:(0.9874764127134503, 0.9359605911330049, 0.8754000181014642, 0.933196300102775, 0.8919449901768173, 0.9802371541501976, 0.978448275862069, 0.8919449901768173, 0.9885696337313976)
Anthemindependent1_10_HLA-A*02:01:(0.9437063990305952, 0.8464384828862165, 0.7054468794692638, 0.8311291963377415, 0.753690036900369, 0.9397031539888683, 0.9263038548752834, 0.753690036900369, 0.9406832185785237)
Anthemindependent1_10_HLA-A*02:02:(0.9625581988219352, 0.8736263736263736, 0.7534706339927423, 0.8649706457925637, 0.8095238095238095, 0.9377289377289377, 0.9285714285714286, 0.8095238095238095, 0.9544301062674091)
Anthemindependent1_10_HLA-A*02:03:(0.9589448839964836, 0.8871715610510046, 0.7751924098630634, 0.8846761453396523, 0.8641975308641975, 0.9102167182662538, 0.9061488673139159, 0.8641975308641975, 0.9523845999042571)
Anthemindependent1_10_HLA-A*02:04:(0.9549267485822307, 0.875, 0.7554191132592915, 0.8670520231213872, 0.8152173913043478, 0.9347826086956522, 0.9259259259259259, 0.8152173913043478, 0.9489451980600853)
Anthemindependent1_10_HLA-A*02:05:(0.9878747203579419, 0.9364548494983278, 0.8753110285477997, 0.9342560553633218, 0.9, 0.9731543624161074, 0.9712230215827338, 0.9, 0.9888119617824136)
Anthemindependent1_10_HLA-A*02:06:(0.9652147896195515, 0.9007936507936508, 0.8041238160643336, 0.8966942148760331, 0.8611111111111112, 0.9404761904761905, 0.9353448275862069, 0.8611111111111112, 0.9437475701370518)
Anthemindependent1_10_HLA-A*02:07:(0.9559088417260553, 0.915929203539823, 0.8414349769963336, 0.9090909090909092, 0.8407079646017699, 0.9911504424778761, 0.9895833333333334, 0.8407079646017699, 0.9716490853118693)
Anthemindependent1_10_HLA-A*02:11:(0.9485294117647058, 0.9117647058823529, 0.8235294117647058, 0.9117647058823528, 0.9117647058823529, 0.9117647058823529, 0.9117647058823529, 0.9117647058823529, 0.9644607265172479)
Anthemindependent1_10_HLA-A*02:17:(1.0, 0.95, 0.9045340337332909, 0.9473684210526316, 0.9, 1.0, 1.0, 0.9, 1.0)
Anthemindependent1_10_HLA-A*03:01:(0.9764996256784578, 0.9049360146252285, 0.8162434520866291, 0.8988326848249029, 0.843065693430657, 0.967032967032967, 0.9625, 0.843065693430657, 0.9753423284224167)
Anthemindependent1_10_HLA-A*11:01:(0.9730699211619088, 0.9192399049881235, 0.8398383120828374, 0.9168026101141925, 0.8906497622820919, 0.9477848101265823, 0.9445378151260504, 0.8906497622820919, 0.9668826600274336)
Anthemindependent1_10_HLA-A*23:01:(0.9806888186664114, 0.9209039548022598, 0.8452684827723866, 0.9171597633136094, 0.8757062146892656, 0.9661016949152542, 0.9627329192546584, 0.8757062146892656, 0.9822334733050262)
Anthemindependent1_10_HLA-A*24:02:(0.9932389121211196, 0.9502762430939227, 0.9019300683523954, 0.9488636363636364, 0.9226519337016574, 0.9779005524861878, 0.9766081871345029, 0.9226519337016574, 0.9933490760146761)
Anthemindependent1_10_HLA-A*24:06:(0.9724999999999999, 0.8, 0.6546536707079772, 0.7499999999999999, 0.6, 1.0, 1.0, 0.6, 0.9851190476190476)
Anthemindependent1_10_HLA-A*24:13:(0.8200000000000001, 0.8, 0.6, 0.8000000000000002, 0.8, 0.8, 0.8, 0.8, 0.7980952380952382)
Anthemindependent1_10_HLA-A*25:01:(0.9988662131519274, 0.9841269841269841, 0.9687422456265332, 0.9838709677419354, 0.9682539682539683, 1.0, 1.0, 0.9682539682539683, 0.998905893755379)
Anthemindependent1_10_HLA-A*26:01:(0.9766622288354607, 0.9247787610619469, 0.8571428571428571, 0.9194312796208531, 0.8584070796460177, 0.9911504424778761, 0.9897959183673469, 0.8584070796460177, 0.9841960742444862)
Anthemindependent1_10_HLA-A*29:02:(0.9763056592933065, 0.9288135593220339, 0.8615165589905235, 0.9252669039145908, 0.8813559322033898, 0.976271186440678, 0.9737827715355806, 0.8813559322033898, 0.966697562791204)
Anthemindependent1_10_HLA-A*30:01:(0.9568518518518518, 0.8722222222222222, 0.7550044675574749, 0.8606060606060606, 0.7888888888888889, 0.9555555555555556, 0.9466666666666667, 0.7888888888888889, 0.9611555469328804)
Anthemindependent1_10_HLA-A*30:02:(0.9876791508923741, 0.9476744186046512, 0.8983295903011718, 0.9454545454545454, 0.9069767441860465, 0.9883720930232558, 0.9873417721518988, 0.9069767441860465, 0.9892961419822062)
Anthemindependent1_10_HLA-A*31:01:(0.970853995286906, 0.8878326996197718, 0.784336971199103, 0.8788501026694044, 0.8136882129277566, 0.9619771863117871, 0.9553571428571429, 0.8136882129277566, 0.9684332062196025)
Anthemindependent1_10_HLA-A*32:01:(0.9624695064740101, 0.886986301369863, 0.7875568463138022, 0.8754716981132075, 0.7945205479452054, 0.9794520547945206, 0.9747899159663865, 0.7945205479452054, 0.9654617746063678)
Anthemindependent1_10_HLA-A*33:01:(0.969493645213629, 0.9127906976744186, 0.8255813953488372, 0.9127906976744186, 0.9127906976744186, 0.9127906976744186, 0.9127906976744186, 0.9127906976744186, 0.9644407671702127)
Anthemindependent1_10_HLA-A*66:01:(0.9991598403696702, 0.9782608695652174, 0.9574271077563381, 0.9787234042553191, 1.0, 0.9565217391304348, 0.9583333333333334, 1.0, 0.9991467469728339)
Anthemindependent1_10_HLA-A*68:01:(0.9649789236349378, 0.9108910891089109, 0.8217922482757001, 0.9106699751861043, 0.9084158415841584, 0.9133663366336634, 0.9129353233830846, 0.9084158415841584, 0.955951532014116)
Anthemindependent1_10_HLA-A*68:02:(0.9420434077361701, 0.8690851735015773, 0.7471502011300613, 0.8581196581196581, 0.7917981072555205, 0.9463722397476341, 0.9365671641791045, 0.7917981072555205, 0.95062003048295)
Anthemindependent1_10_HLA-A*69:01:(0.992, 0.94, 0.8864052604279183, 0.9361702127659575, 0.88, 1.0, 1.0, 0.88, 0.9922439878961617)
Anthemindependent1_10_HLA-B*07:02:(0.9895099252245951, 0.9421422986708365, 0.8877165142028125, 0.9396411092985318, 0.8985959438377535, 0.9858934169278997, 0.9846153846153847, 0.8985959438377535, 0.9915144660162641)
Anthemindependent1_10_HLA-B*08:01:(0.9362980769230769, 0.8605769230769231, 0.7238694347372387, 0.8542713567839197, 0.8173076923076923, 0.9038461538461539, 0.8947368421052632, 0.8173076923076923, 0.9219646259092074)
Anthemindependent1_10_HLA-B*13:02:(0.98, 0.9090909090909091, 0.8269767696299569, 0.9019607843137255, 0.8363636363636363, 0.9818181818181818, 0.9787234042553191, 0.8363636363636363, 0.9816534258734952)
Anthemindependent1_10_HLA-B*14:02:(0.9518229166666666, 0.90625, 0.8212801645281895, 0.8988764044943819, 0.8333333333333334, 0.9791666666666666, 0.975609756097561, 0.8333333333333334, 0.8886134120869695)
Anthemindependent1_10_HLA-B*15:01:(0.9868548691831773, 0.9445843828715366, 0.8910012250329146, 0.9429065743944636, 0.9128978224455612, 0.9764309764309764, 0.9749552772808586, 0.9128978224455612, 0.9873193610533773)
Anthemindependent1_10_HLA-B*15:02:(0.9743725164730144, 0.9397163120567376, 0.8805183848500239, 0.9411764705882353, 0.9645390070921985, 0.9148936170212766, 0.918918918918919, 0.9645390070921985, 0.9763733930566538)
Anthemindependent1_10_HLA-B*15:03:(0.9822222222222223, 0.9444444444444444, 0.8897681066002582, 0.9431818181818181, 0.9222222222222223, 0.9666666666666667, 0.9651162790697675, 0.9222222222222223, 0.9860091731388703)
Anthemindependent1_10_HLA-B*18:01:(0.9780962682531097, 0.9186046511627907, 0.848528137423857, 0.9113924050632911, 0.8372093023255814, 1.0, 1.0, 0.8372093023255814, 0.985184107006805)
Anthemindependent1_10_HLA-B*27:01:(0.9962441675639645, 0.9822784810126582, 0.9646666780828406, 0.9820971867007673, 0.9746192893401016, 0.98989898989899, 0.9896907216494846, 0.9746192893401016, 0.9974712941747186)
Anthemindependent1_10_HLA-B*27:02:(0.9950861371256792, 0.9623655913978495, 0.9260705583459884, 0.9613259668508287, 0.9354838709677419, 0.989247311827957, 0.9886363636363636, 0.9354838709677419, 0.9954045434364741)
Anthemindependent1_10_HLA-B*27:03:(0.984375, 0.9583333333333334, 0.9166666666666666, 0.9583333333333334, 0.9583333333333334, 0.9583333333333334, 0.9583333333333334, 0.9583333333333334, 0.9899291696903725)
Anthemindependent1_10_HLA-B*27:04:(0.9794444444444446, 0.95, 0.9045340337332909, 0.9473684210526316, 0.9, 1.0, 1.0, 0.9, 0.9879837898142227)
Anthemindependent1_10_HLA-B*27:05:(0.8764796620025106, 0.757250268528464, 0.5813906131497432, 0.6852367688022284, 0.5267665952890792, 0.9892241379310345, 0.9800796812749004, 0.5267665952890792, 0.8992207257596793)
Anthemindependent1_10_HLA-B*27:06:(0.9744329104190698, 0.9509803921568627, 0.903525331516144, 0.9494949494949494, 0.9215686274509803, 0.9803921568627451, 0.9791666666666666, 0.9215686274509803, 0.9835339068877447)
Anthemindependent1_10_HLA-B*27:07:(0.9995464852607711, 0.9809523809523809, 0.9620793045957112, 0.9807692307692307, 0.9714285714285714, 0.9904761904761905, 0.9902912621359223, 0.9714285714285714, 0.9995398159071096)
Anthemindependent1_10_HLA-B*27:08:(0.9916149882085772, 0.9719626168224299, 0.9445854944468638, 0.9714285714285714, 0.9532710280373832, 0.9906542056074766, 0.9902912621359223, 0.9532710280373832, 0.9842423705627108)
Anthemindependent1_10_HLA-B*27:09:(0.9663807047357752, 0.8914027149321267, 0.790119097075802, 0.883495145631068, 0.8235294117647058, 0.9592760180995475, 0.9528795811518325, 0.8235294117647058, 0.970534390966118)
Anthemindependent1_10_HLA-B*35:01:(0.9679905948144382, 0.9090909090909091, 0.8226213835835511, 0.9043151969981238, 0.8576512455516014, 0.9607142857142857, 0.9563492063492064, 0.8576512455516014, 0.9742215252186721)
Anthemindependent1_10_HLA-B*35:03:(0.9772372528616025, 0.9516129032258065, 0.9074852129730301, 0.9491525423728813, 0.9032258064516129, 1.0, 1.0, 0.9032258064516129, 0.9859287532568144)
Anthemindependent1_10_HLA-B*35:08:(0.9631054775916703, 0.9148936170212766, 0.8305395344999218, 0.9130434782608695, 0.8936170212765957, 0.9361702127659575, 0.9333333333333333, 0.8936170212765957, 0.9641164790491606)
Anthemindependent1_10_HLA-B*37:01:(0.9933941075439292, 0.9482758620689655, 0.899467927828163, 0.9461077844311377, 0.9080459770114943, 0.9885057471264368, 0.9875, 0.9080459770114943, 0.9940207501668691)
Anthemindependent1_10_HLA-B*38:01:(0.9890796616588814, 0.9775280898876404, 0.9560222249632357, 0.9770114942528736, 0.9550561797752809, 1.0, 1.0, 0.9550561797752809, 0.9928344127782329)
Anthemindependent1_10_HLA-B*39:01:(0.9980420078319687, 0.9622641509433962, 0.9251872672604673, 0.9615384615384616, 0.9433962264150944, 0.9811320754716981, 0.9803921568627451, 0.9433962264150944, 0.9980764318305938)
Anthemindependent1_10_HLA-B*39:06:(0.9938271604938271, 0.9444444444444444, 0.8944271909999159, 0.9411764705882353, 0.8888888888888888, 1.0, 1.0, 0.8888888888888888, 0.9938080495356036)
Anthemindependent1_10_HLA-B*40:01:(0.9947539402322281, 0.9653092006033183, 0.930964221266153, 0.9648854961832061, 0.9518072289156626, 0.9788519637462235, 0.978328173374613, 0.9518072289156626, 0.9948611233735629)
Anthemindependent1_10_HLA-B*40:02:(0.9943146948516877, 0.966626936829559, 0.9341107547500787, 0.9658536585365854, 0.9451073985680191, 0.9880952380952381, 0.9875311720698254, 0.9451073985680191, 0.9947859972708271)
Anthemindependent1_10_HLA-B*41:01:(0.837890625, 0.84375, 0.6888467201936644, 0.8484848484848485, 0.875, 0.8125, 0.8235294117647058, 0.875, 0.8701746323529411)
Anthemindependent1_10_HLA-B*44:02:(0.9909495464852608, 0.95, 0.9012372404825729, 0.9486552567237164, 0.9238095238095239, 0.9761904761904762, 0.9748743718592965, 0.9238095238095239, 0.9924396792940458)
Anthemindependent1_10_HLA-B*44:03:(0.9929592794145242, 0.9534246575342465, 0.9088160822137767, 0.9518413597733711, 0.9205479452054794, 0.9863013698630136, 0.9853372434017595, 0.9205479452054794, 0.9931528689657751)
Anthemindependent1_10_HLA-B*44:27:(1.0, 0.9642857142857143, 0.9309493362512627, 0.962962962962963, 0.9285714285714286, 1.0, 1.0, 0.9285714285714286, 1.0)
Anthemindependent1_10_HLA-B*45:01:(0.968896, 0.884, 0.7752025329784148, 0.8755364806866952, 0.816, 0.952, 0.9444444444444444, 0.816, 0.9716683084105543)
Anthemindependent1_10_HLA-B*46:01:(0.9703149949194367, 0.9397590361445783, 0.8818251769960881, 0.9375, 0.9036144578313253, 0.9759036144578314, 0.974025974025974, 0.9036144578313253, 0.9791434386788405)
Anthemindependent1_10_HLA-B*49:01:(0.9888139015835902, 0.9484536082474226, 0.8999732473284425, 0.9462365591397849, 0.9072164948453608, 0.9896907216494846, 0.9887640449438202, 0.9072164948453608, 0.9894886506122715)
Anthemindependent1_10_HLA-B*50:01:(0.9875, 0.9333333333333333, 0.8710327732246504, 0.9298245614035088, 0.8833333333333333, 0.9833333333333333, 0.9814814814814815, 0.8833333333333333, 0.9889281602981157)
Anthemindependent1_10_HLA-B*51:01:(0.9482697740112995, 0.8583569405099151, 0.7360191307547637, 0.8407643312101912, 0.7457627118644068, 0.9715909090909091, 0.9635036496350365, 0.7457627118644068, 0.9526059194350698)
Anthemindependent1_10_HLA-B*53:01:(0.971709961002049, 0.9471544715447154, 0.8945750668694887, 0.9465020576131687, 0.9349593495934959, 0.959349593495935, 0.9583333333333334, 0.9349593495934959, 0.9727063242064732)
Anthemindependent1_10_HLA-B*54:01:(0.9279349521051459, 0.8805970149253731, 0.783873606728343, 0.864406779661017, 0.7611940298507462, 1.0, 1.0, 0.7611940298507462, 0.9500881313790197)
Anthemindependent1_10_HLA-B*56:01:(0.9876075147125396, 0.973404255319149, 0.9472910701506564, 0.972972972972973, 0.9574468085106383, 0.9893617021276596, 0.989010989010989, 0.9574468085106383, 0.9918614335339384)
Anthemindependent1_10_HLA-B*57:01:(0.9678492519944004, 0.9075281564908121, 0.8218073196232585, 0.9011406844106463, 0.8434163701067615, 0.9715639810426541, 0.9673469387755103, 0.8434163701067615, 0.9736721612735814)
Anthemindependent1_10_HLA-B*57:03:(0.9755278878571005, 0.9309262166405023, 0.8639300841133489, 0.9285714285714286, 0.896551724137931, 0.9654088050314465, 0.9629629629629629, 0.896551724137931, 0.9785290181725416)
Anthemindependent1_10_HLA-B*58:01:(0.9698851988519885, 0.8909426987060998, 0.7910805273670819, 0.8822355289421158, 0.8154981549815498, 0.9666666666666667, 0.9608695652173913, 0.8154981549815498, 0.9681920627511353)
Anthemindependent1_10_HLA-C*01:02:(0.9765709244191746, 0.900990099009901, 0.8059402270265763, 0.8958333333333333, 0.8514851485148515, 0.9504950495049505, 0.945054945054945, 0.8514851485148515, 0.9762426385327495)
Anthemindependent1_10_HLA-C*02:02:(0.9694128958596238, 0.8875968992248062, 0.779160330603907, 0.8816326530612245, 0.8372093023255814, 0.937984496124031, 0.9310344827586207, 0.8372093023255814, 0.9744479735171656)
Anthemindependent1_10_HLA-C*03:03:(0.9191358024691357, 0.8388888888888889, 0.6902024810570102, 0.8220858895705521, 0.7444444444444445, 0.9333333333333333, 0.9178082191780822, 0.7444444444444445, 0.9390918196030649)
Anthemindependent1_10_HLA-C*03:04:(0.9892868074686256, 0.9141414141414141, 0.835517624587703, 0.908108108108108, 0.8484848484848485, 0.9797979797979798, 0.9767441860465116, 0.8484848484848485, 0.990040524292643)
Anthemindependent1_10_HLA-C*04:01:(0.9523599585062241, 0.8835758835758836, 0.7792005678340792, 0.8727272727272726, 0.7966804979253111, 0.9708333333333333, 0.964824120603015, 0.7966804979253111, 0.9592638709730742)
Anthemindependent1_10_HLA-C*05:01:(0.9722222222222222, 0.875, 0.7715795445850425, 0.8583690987124464, 0.7575757575757576, 0.9924242424242424, 0.9900990099009901, 0.7575757575757576, 0.9793425299223757)
Anthemindependent1_10_HLA-C*06:02:(0.9077277970011534, 0.8235294117647058, 0.6691633621643955, 0.797752808988764, 0.696078431372549, 0.9509803921568627, 0.9342105263157895, 0.696078431372549, 0.8516826255917438)
Anthemindependent1_10_HLA-C*07:01:(0.9916709710743802, 0.9204545454545454, 0.8517571227048422, 0.9135802469135803, 0.8409090909090909, 1.0, 1.0, 0.8409090909090909, 0.9920795777403006)
Anthemindependent1_10_HLA-C*07:02:(0.9581298828125, 0.8828125, 0.7733094283532788, 0.8739495798319329, 0.8125, 0.953125, 0.9454545454545454, 0.8125, 0.9523075698557393)
Anthemindependent1_10_HLA-C*07:04:(0.9640816326530613, 0.8857142857142857, 0.7830199672637511, 0.8750000000000001, 0.8, 0.9714285714285714, 0.9655172413793104, 0.8, 0.9686432814349927)
Anthemindependent1_10_HLA-C*08:02:(0.9855597563537072, 0.9456521739130435, 0.8952856660536119, 0.9429657794676806, 0.8985507246376812, 0.9927536231884058, 0.992, 0.8985507246376812, 0.991238345699208)
Anthemindependent1_10_HLA-C*12:03:(0.9512, 0.88, 0.76, 0.88, 0.88, 0.88, 0.88, 0.88, 0.9397821757952194)
Anthemindependent1_10_HLA-C*14:02:(0.9984778080435828, 0.9746835443037974, 0.9505863757867169, 0.974025974025974, 0.9493670886075949, 1.0, 1.0, 0.9493670886075949, 0.9985783327856887)
Anthemindependent1_10_HLA-C*16:01:(0.9554498269896193, 0.8676470588235294, 0.747017880833996, 0.8548387096774193, 0.7794117647058824, 0.9558823529411765, 0.9464285714285714, 0.7794117647058824, 0.9554117001725417)
Anthemindependent1_10_HLA-C*17:01:(0.8181818181818181, 0.8095238095238095, 0.6181818181818182, 0.8181818181818182, 0.8181818181818182, 0.8, 0.8181818181818182, 0.8181818181818182, 0.826120092029183)
Anthemindependent1_11_HLA-A*01:01:(0.9937672249311003, 0.9586466165413534, 0.918581113284558, 0.9576923076923076, 0.9325842696629213, 0.9849056603773585, 0.9841897233201581, 0.9325842696629213, 0.993941628396582)
Anthemindependent1_11_HLA-A*02:01:(0.9515447364535655, 0.8741594620557157, 0.7580542850709868, 0.8633993743482794, 0.7946257197696737, 0.9538461538461539, 0.9452054794520548, 0.7946257197696737, 0.9548116995809551)
Anthemindependent1_11_HLA-A*02:02:(0.9621416982152514, 0.9069767441860465, 0.8219949365267865, 0.9, 0.8372093023255814, 0.9767441860465116, 0.972972972972973, 0.8372093023255814, 0.9793189607426703)
Anthemindependent1_11_HLA-A*02:03:(0.8676268861454046, 0.8148148148148148, 0.6457765999379483, 0.7916666666666667, 0.7037037037037037, 0.9259259259259259, 0.9047619047619048, 0.7037037037037037, 0.8911777351794852)
Anthemindependent1_11_HLA-A*02:04:(0.916, 0.84, 0.7004727969157798, 0.8181818181818181, 0.72, 0.96, 0.9473684210526315, 0.72, 0.9204034154081135)
Anthemindependent1_11_HLA-A*02:05:(0.9886831275720165, 0.9259259259259259, 0.8571593913749195, 0.9215686274509804, 0.8703703703703703, 0.9814814814814815, 0.9791666666666666, 0.8703703703703703, 0.9885145328170045)
Anthemindependent1_11_HLA-A*02:06:(0.9801097393689986, 0.9259259259259259, 0.8541985556144385, 0.9285714285714286, 0.9629629629629629, 0.8888888888888888, 0.896551724137931, 0.9629629629629629, 0.980106349743198)
Anthemindependent1_11_HLA-A*02:07:(0.9533950617283952, 0.9055555555555556, 0.8226168079357562, 0.896969696969697, 0.8222222222222222, 0.9888888888888889, 0.9866666666666667, 0.8222222222222222, 0.9693856508794108)
Anthemindependent1_11_HLA-A*02:11:(0.9730864197530864, 0.9333333333333333, 0.8666666666666667, 0.9333333333333333, 0.9333333333333333, 0.9333333333333333, 0.9333333333333333, 0.9333333333333333, 0.9799057868077069)
Anthemindependent1_11_HLA-A*03:01:(0.9799937216265816, 0.918918918918919, 0.8441863635488335, 0.9133858267716534, 0.8571428571428571, 0.9803921568627451, 0.9775280898876404, 0.8571428571428571, 0.982932396948062)
Anthemindependent1_11_HLA-A*11:01:(0.980899173553719, 0.9509090909090909, 0.9028275252164059, 0.9497206703910613, 0.9272727272727272, 0.9745454545454545, 0.9732824427480916, 0.9272727272727272, 0.987228274913504)
Anthemindependent1_11_HLA-A*23:01:(0.995078125, 0.975, 0.9502970142326752, 0.9746835443037976, 0.9625, 0.9875, 0.9871794871794872, 0.9625, 0.9960368726803813)
Anthemindependent1_11_HLA-A*24:02:(0.9891210080604019, 0.9267676767676768, 0.8583768847954607, 0.9226666666666666, 0.8737373737373737, 0.9797979797979798, 0.9774011299435028, 0.8737373737373737, 0.9865702213406657)
Anthemindependent1_11_HLA-A*24:06:(0.925207756232687, 0.8947368421052632, 0.8075728530872482, 0.8823529411764706, 0.7894736842105263, 1.0, 1.0, 0.7894736842105263, 0.9536340852130326)
Anthemindependent1_11_HLA-A*24:13:(0.8571428571428572, 0.8571428571428571, 0.7453559924999299, 0.8333333333333333, 0.7142857142857143, 1.0, 1.0, 0.7142857142857143, 0.9285714285714286)
Anthemindependent1_11_HLA-A*29:02:(0.9785570792208926, 0.9345794392523364, 0.8729797114060361, 0.9313725490196078, 0.8878504672897196, 0.9813084112149533, 0.979381443298969, 0.8878504672897196, 0.9847732855643747)
Anthemindependent1_11_HLA-A*30:01:(0.9545454545454546, 0.9090909090909091, 0.819688599970537, 0.90625, 0.8787878787878788, 0.9393939393939394, 0.9354838709677419, 0.8787878787878788, 0.9622556638954493)
Anthemindependent1_11_HLA-A*30:02:(0.9939058171745152, 0.968421052631579, 0.9376736528408374, 0.967741935483871, 0.9473684210526315, 0.9894736842105263, 0.989010989010989, 0.9473684210526315, 0.9959636263776472)
Anthemindependent1_11_HLA-A*31:01:(0.9849537037037037, 0.9305555555555556, 0.8620354272046021, 0.9289099526066351, 0.9074074074074074, 0.9537037037037037, 0.9514563106796117, 0.9074074074074074, 0.979864574965869)
Anthemindependent1_11_HLA-A*32:01:(0.9908549862098998, 0.9457831325301205, 0.8968544062928813, 0.9426751592356688, 0.891566265060241, 1.0, 1.0, 0.891566265060241, 0.9940090557725343)
Anthemindependent1_11_HLA-A*66:01:(0.9718792866941015, 0.9629629629629629, 0.9259259259259259, 0.9629629629629629, 0.9629629629629629, 0.9629629629629629, 0.9629629629629629, 0.9629629629629629, 0.9715618711915008)
Anthemindependent1_11_HLA-A*68:01:(0.9932065217391304, 0.9510869565217391, 0.9035092411965681, 0.9497206703910613, 0.9239130434782609, 0.9782608695652174, 0.9770114942528736, 0.9239130434782609, 0.9931903665604249)
Anthemindependent1_11_HLA-A*68:02:(0.9027777777777779, 0.7756410256410257, 0.5819851568923485, 0.7328244274809161, 0.6153846153846154, 0.9358974358974359, 0.9056603773584906, 0.6153846153846154, 0.9185897225148079)
Anthemindependent1_11_HLA-B*07:02:(0.9768175074183977, 0.9227340267459139, 0.8498387954642902, 0.91875, 0.8724035608308606, 0.9732142857142857, 0.9702970297029703, 0.8724035608308606, 0.9809511068092022)
Anthemindependent1_11_HLA-B*08:01:(0.8644314868804664, 0.7448979591836735, 0.5144957554275265, 0.6987951807228915, 0.5918367346938775, 0.8979591836734694, 0.8529411764705882, 0.5918367346938775, 0.8653984536310628)
Anthemindependent1_11_HLA-B*15:01:(0.9695284535028125, 0.9316239316239316, 0.8678244247478862, 0.9279279279279279, 0.8803418803418803, 0.9829059829059829, 0.9809523809523809, 0.8803418803418803, 0.9780988821599689)
Anthemindependent1_11_HLA-B*15:02:(0.9609375, 0.9125, 0.8379305815963921, 0.9041095890410958, 0.825, 1.0, 1.0, 0.825, 0.9717897829961784)
Anthemindependent1_11_HLA-B*15:03:(0.9958677685950413, 0.9696969696969697, 0.9393939393939394, 0.9696969696969697, 0.9696969696969697, 0.9696969696969697, 0.9696969696969697, 0.9696969696969697, 0.9959512430672082)
Anthemindependent1_11_HLA-B*15:17:(0.9943310657596371, 0.9285714285714286, 0.8581163303210331, 0.9268292682926829, 0.9047619047619048, 0.9523809523809523, 0.95, 0.9047619047619048, 0.9942640692640693)
Anthemindependent1_11_HLA-B*18:01:(0.7500000000000002, 0.75, 0.50709255283711, 0.7692307692307692, 0.8333333333333334, 0.6666666666666666, 0.7142857142857143, 0.8333333333333334, 0.8154761904761906)
Anthemindependent1_11_HLA-B*27:01:(0.9853968489892985, 0.9568965517241379, 0.9139289531633575, 0.9565217391304347, 0.9482758620689655, 0.9655172413793104, 0.9649122807017544, 0.9482758620689655, 0.9777148053550728)
Anthemindependent1_11_HLA-B*27:02:(0.9991319444444444, 0.9833333333333333, 0.9668009539030812, 0.9831932773109243, 0.975, 0.9916666666666667, 0.9915254237288136, 0.975, 0.9991454101427302)
Anthemindependent1_11_HLA-B*27:03:(0.9993425378040762, 0.9871794871794872, 0.9746794344808963, 0.9870129870129869, 0.9743589743589743, 1.0, 1.0, 0.9743589743589743, 0.9993507560815253)
Anthemindependent1_11_HLA-B*27:04:(0.9792899408284025, 0.9807692307692307, 0.9622504486493763, 0.9803921568627451, 0.9615384615384616, 1.0, 1.0, 0.9615384615384616, 0.988960113960114)
Anthemindependent1_11_HLA-B*27:05:(0.8338434560816197, 0.7057864710676447, 0.49446421234347926, 0.5948372615039282, 0.43089430894308944, 0.9820261437908496, 0.9601449275362319, 0.43089430894308944, 0.8610234326132905)
Anthemindependent1_11_HLA-B*27:06:(0.9992000000000001, 0.98, 0.9607689228305227, 0.9795918367346939, 0.96, 1.0, 1.0, 0.96, 0.9992307692307693)
Anthemindependent1_11_HLA-B*27:07:(0.9978500403117442, 0.9672131147540983, 0.9349288794797335, 0.9677419354838709, 0.9836065573770492, 0.9508196721311475, 0.9523809523809523, 0.9836065573770492, 0.9979431935506764)
Anthemindependent1_11_HLA-B*27:08:(0.9919111111111112, 0.9733333333333334, 0.9480159161191282, 0.9726027397260273, 0.9466666666666667, 1.0, 1.0, 0.9466666666666667, 0.9953501177185388)
Anthemindependent1_11_HLA-B*27:09:(0.9554899821463995, 0.9154929577464789, 0.8411422740554966, 0.9083969465648855, 0.8380281690140845, 0.9929577464788732, 0.9916666666666667, 0.8380281690140845, 0.9650654748546458)
Anthemindependent1_11_HLA-B*35:01:(0.9526170302265488, 0.8875968992248062, 0.7856742013183862, 0.8776371308016877, 0.8062015503875969, 0.9689922480620154, 0.9629629629629629, 0.8062015503875969, 0.9605799078420963)
Anthemindependent1_11_HLA-B*35:03:(0.997808619430241, 0.972972972972973, 0.9473309334313419, 0.9722222222222222, 0.9459459459459459, 1.0, 1.0, 0.9459459459459459, 0.9979703708843632)
Anthemindependent1_11_HLA-B*35:08:(0.9588477366255144, 0.9074074074074074, 0.82915619758885, 0.8979591836734693, 0.8148148148148148, 1.0, 1.0, 0.8148148148148148, 0.9702499660832994)
Anthemindependent1_11_HLA-B*37:01:(0.8858131487889274, 0.7647058823529411, 0.5658251521157384, 0.7142857142857143, 0.5882352941176471, 0.9411764705882353, 0.9090909090909091, 0.5882352941176471, 0.9147642078221663)
Anthemindependent1_11_HLA-B*38:01:(0.997802734375, 0.96875, 0.9393364366277243, 0.967741935483871, 0.9375, 1.0, 1.0, 0.9375, 0.9978582285252061)
Anthemindependent1_11_HLA-B*39:01:(0.9910204081632653, 0.9428571428571428, 0.8871639008998208, 0.9411764705882354, 0.9142857142857143, 0.9714285714285714, 0.9696969696969697, 0.9142857142857143, 0.9915575687753106)
Anthemindependent1_11_HLA-B*39:06:(0.9618055555555556, 0.9583333333333334, 0.9198662110077999, 0.9600000000000001, 1.0, 0.9166666666666666, 0.9230769230769231, 1.0, 0.9540420227920228)
Anthemindependent1_11_HLA-B*40:01:(0.9929053563652199, 0.9759036144578314, 0.9520836759818798, 0.975609756097561, 0.963855421686747, 0.9879518072289156, 0.9876543209876543, 0.963855421686747, 0.994622093683601)
Anthemindependent1_11_HLA-B*40:02:(0.9810553633217992, 0.9529411764705882, 0.9061332203934908, 0.9523809523809523, 0.9411764705882353, 0.9647058823529412, 0.963855421686747, 0.9411764705882353, 0.979372752608969)
Anthemindependent1_11_HLA-B*41:01:(1.0, 1.0, 1.0, 1.0, 1.0, 1.0, 1.0, 1.0, 1.0)
Anthemindependent1_11_HLA-B*44:02:(0.9832341375278988, 0.9484536082474226, 0.9017117677781147, 0.9456521739130436, 0.8969072164948454, 1.0, 1.0, 0.8969072164948454, 0.988153263010623)
Anthemindependent1_11_HLA-B*44:03:(0.9881300219138057, 0.9628378378378378, 0.9273919906496546, 0.9616724738675959, 0.9324324324324325, 0.9932432432432432, 0.9928057553956835, 0.9324324324324325, 0.9931850047765772)
Anthemindependent1_11_HLA-B*44:27:(0.8181818181818181, 0.8181818181818182, 0.6831300510639732, 0.7777777777777778, 0.6363636363636364, 1.0, 1.0, 0.6363636363636364, 0.9090909090909091)
Anthemindependent1_11_HLA-B*45:01:(0.9322562358276643, 0.9047619047619048, 0.8246211251235321, 0.8947368421052632, 0.8095238095238095, 1.0, 1.0, 0.8095238095238095, 0.957530568856464)
Anthemindependent1_11_HLA-B*46:01:(0.94875, 0.825, 0.693888666488711, 0.787878787878788, 0.65, 1.0, 1.0, 0.65, 0.9631622749231443)
Anthemindependent1_11_HLA-B*49:01:(0.9850062473969179, 0.9387755102040817, 0.8804896674619968, 0.9361702127659575, 0.8979591836734694, 0.9795918367346939, 0.9777777777777777, 0.8979591836734694, 0.9902063008367085)
Anthemindependent1_11_HLA-B*50:01:(0.923469387755102, 0.9285714285714286, 0.8660254037844387, 0.923076923076923, 0.8571428571428571, 1.0, 1.0, 0.8571428571428571, 0.9587912087912087)
Anthemindependent1_11_HLA-B*51:01:(0.9647615708274895, 0.8972972972972973, 0.7982722319442216, 0.8914285714285715, 0.8478260869565217, 0.946236559139785, 0.9397590361445783, 0.8478260869565217, 0.9662645367894886)
Anthemindependent1_11_HLA-B*51:08:(0.8333333333333333, 0.8333333333333334, 0.7071067811865476, 0.8, 0.6666666666666666, 1.0, 1.0, 0.6666666666666666, 0.9166666666666666)
Anthemindependent1_11_HLA-B*54:01:(0.97, 0.8833333333333333, 0.7884298457197201, 0.8679245283018869, 0.7666666666666667, 1.0, 1.0, 0.7666666666666667, 0.9793143910635568)
Anthemindependent1_11_HLA-B*56:01:(0.9885464389837568, 0.9693877551020408, 0.9405399431259603, 0.968421052631579, 0.9387755102040817, 1.0, 1.0, 0.9387755102040817, 0.9936921982293703)
Anthemindependent1_11_HLA-B*57:01:(0.9661771250556298, 0.9081225033288948, 0.8245613884843749, 0.9014285714285714, 0.8379814077025233, 0.9786381842456608, 0.9752704791344667, 0.8379814077025233, 0.9742396709958713)
Anthemindependent1_11_HLA-B*57:03:(0.9783233759749315, 0.9294605809128631, 0.8632121440493598, 0.9257641921397379, 0.8796680497925311, 0.979253112033195, 0.9769585253456221, 0.8796680497925311, 0.9813853199932133)
Anthemindependent1_11_HLA-B*58:01:(0.9747006240512734, 0.9318181818181818, 0.8702854147125775, 0.9273356401384082, 0.8701298701298701, 0.9935064935064936, 0.9925925925925926, 0.8701298701298701, 0.9823592368631413)
Anthemindependent1_11_HLA-C*01:02:(0.8532608695652173, 0.8369565217391305, 0.6940491774014498, 0.8148148148148148, 0.717391304347826, 0.9565217391304348, 0.9428571428571428, 0.717391304347826, 0.8728399226756702)
Anthemindependent1_11_HLA-C*02:02:(0.9744351961950061, 0.8793103448275862, 0.7817359599705715, 0.8627450980392156, 0.7586206896551724, 1.0, 1.0, 0.7586206896551724, 0.9839354132457582)
Anthemindependent1_11_HLA-C*03:03:(0.978515625, 0.9375, 0.8819171036881969, 0.9333333333333333, 0.875, 1.0, 1.0, 0.875, 0.9821157460960093)
Anthemindependent1_11_HLA-C*03:04:(0.9563265306122449, 0.8571428571428571, 0.7453559924999299, 0.8333333333333333, 0.7142857142857143, 1.0, 1.0, 0.7142857142857143, 0.9667429041301222)
Anthemindependent1_11_HLA-C*04:01:(0.8153122130394859, 0.7348484848484849, 0.5320369615206759, 0.6534653465346535, 0.5, 0.9696969696969697, 0.9428571428571428, 0.5, 0.8508867596587482)
Anthemindependent1_11_HLA-C*05:01:(0.9588019031141869, 0.9191176470588235, 0.842712248888213, 0.9147286821705426, 0.8676470588235294, 0.9705882352941176, 0.9672131147540983, 0.8676470588235294, 0.9703771599398293)
Anthemindependent1_11_HLA-C*06:02:(0.8477975016436555, 0.7564102564102564, 0.5439282932204211, 0.7076923076923076, 0.5897435897435898, 0.9230769230769231, 0.8846153846153846, 0.5897435897435898, 0.843314035715415)
Anthemindependent1_11_HLA-C*07:01:(0.9489603024574669, 0.8260869565217391, 0.6755660236665675, 0.7999999999999999, 0.6956521739130435, 0.9565217391304348, 0.9411764705882353, 0.6956521739130435, 0.9563312137878077)
Anthemindependent1_11_HLA-C*07:02:(0.9296875, 0.875, 0.7745966692414834, 0.8571428571428571, 0.75, 1.0, 1.0, 0.75, 0.9605115596963423)
Anthemindependent1_11_HLA-C*08:02:(0.9760493827160496, 0.9666666666666667, 0.9354143466934853, 0.9655172413793104, 0.9333333333333333, 1.0, 1.0, 0.9333333333333333, 0.9871490094745909)
Anthemindependent1_11_HLA-C*12:03:(0.9617346938775511, 0.8928571428571429, 0.8043996665398437, 0.88, 0.7857142857142857, 1.0, 1.0, 0.7857142857142857, 0.9795918367346939)
Anthemindependent1_11_HLA-C*14:02:(0.9333333333333333, 0.9333333333333333, 0.8744746321952062, 0.9375, 1.0, 0.8666666666666667, 0.8823529411764706, 1.0, 0.9411764705882353)
Anthemindependent1_11_HLA-C*15:02:(0.850415512465374, 0.8157894736842105, 0.6793662204867574, 0.7741935483870968, 0.631578947368421, 1.0, 1.0, 0.631578947368421, 0.8966521317318541)
Anthemindependent1_11_HLA-C*16:01:(0.855034722222222, 0.8541666666666666, 0.7405316311773547, 0.8292682926829268, 0.7083333333333334, 1.0, 1.0, 0.7083333333333334, 0.9089698123821687)
Anthemindependent1_11_HLA-C*17:01:(0.5510204081632654, 0.5714285714285714, 0.14907119849998599, 0.5, 0.42857142857142855, 0.7142857142857143, 0.6, 0.42857142857142855, 0.5714285714285714)
Anthemindependent1_12_HLA-A*01:01:(0.9879046550094519, 0.9483695652173914, 0.8983458936276154, 0.9467787114845938, 0.9184782608695652, 0.9782608695652174, 0.976878612716763, 0.9184782608695652, 0.9894474631886199)
Anthemindependent1_12_HLA-A*02:01:(0.9406869055281413, 0.8372093023255814, 0.6998598434250136, 0.8126520681265208, 0.7046413502109705, 0.9703389830508474, 0.9597701149425287, 0.7046413502109705, 0.9502231628142492)
Anthemindependent1_12_HLA-A*02:02:(0.875, 0.9166666666666666, 0.8451542547285166, 0.9090909090909091, 0.8333333333333334, 1.0, 1.0, 0.8333333333333334, 0.9270833333333334)
Anthemindependent1_12_HLA-A*02:03:(0.9382716049382716, 0.9444444444444444, 0.8944271909999159, 0.9411764705882353, 0.8888888888888888, 1.0, 1.0, 0.8888888888888888, 0.9660493827160493)
Anthemindependent1_12_HLA-A*02:04:(0.7407407407407407, 0.7222222222222222, 0.4714045207910316, 0.6666666666666667, 0.5555555555555556, 0.8888888888888888, 0.8333333333333334, 0.5555555555555556, 0.8333333333333335)
Anthemindependent1_12_HLA-A*02:05:(0.75, 0.75, 0.5773502691896257, 0.6666666666666666, 0.5, 1.0, 1.0, 0.5, 0.875)
Anthemindependent1_12_HLA-A*02:06:(0.8333333333333333, 0.8333333333333334, 0.7071067811865476, 0.8, 0.6666666666666666, 1.0, 1.0, 0.6666666666666666, 0.9166666666666666)
Anthemindependent1_12_HLA-A*02:07:(0.93, 0.9, 0.816496580927726, 0.888888888888889, 0.8, 1.0, 1.0, 0.8, 0.9568181818181818)
Anthemindependent1_12_HLA-A*02:11:(0.884297520661157, 0.8181818181818182, 0.6831300510639732, 0.7777777777777778, 0.6363636363636364, 1.0, 1.0, 0.6363636363636364, 0.9284205693296603)
Anthemindependent1_12_HLA-A*03:01:(0.9565071126489811, 0.9117647058823529, 0.8241633836921342, 0.9099999999999999, 0.8921568627450981, 0.9313725490196079, 0.9285714285714286, 0.8921568627450981, 0.9548410723834331)
Anthemindependent1_12_HLA-A*11:01:(0.9593013940073707, 0.9240506329113924, 0.852483539549693, 0.92, 0.8734177215189873, 0.9746835443037974, 0.971830985915493, 0.8734177215189873, 0.975160233366533)
Anthemindependent1_12_HLA-A*23:01:(0.9622222222222222, 0.9, 0.8017837257372731, 0.896551724137931, 0.8666666666666667, 0.9333333333333333, 0.9285714285714286, 0.8666666666666667, 0.9601190476190476)
Anthemindependent1_12_HLA-A*24:02:(0.9706152433425161, 0.8939393939393939, 0.8012336167697753, 0.8833333333333332, 0.803030303030303, 0.9848484848484849, 0.9814814814814815, 0.803030303030303, 0.9783969150776806)
Anthemindependent1_12_HLA-A*24:06:(0.6666666666666666, 0.6666666666666666, 0.4472135954999579, 0.5, 0.3333333333333333, 1.0, 1.0, 0.3333333333333333, 0.8333333333333333)
Anthemindependent1_12_HLA-A*26:01:(1.0, 0.9583333333333334, 0.9198662110077999, 0.9600000000000001, 1.0, 0.9166666666666666, 0.9230769230769231, 1.0, 1.0)
Anthemindependent1_12_HLA-A*29:02:(0.9598948060486523, 0.9230769230769231, 0.8563488385776753, 0.9166666666666666, 0.8461538461538461, 1.0, 1.0, 0.8461538461538461, 0.9740823453032755)
Anthemindependent1_12_HLA-A*30:01:(0.9285714285714286, 0.9285714285714286, 0.8660254037844387, 0.923076923076923, 0.8571428571428571, 1.0, 1.0, 0.8571428571428571, 0.9642857142857143)
Anthemindependent1_12_HLA-A*30:02:(0.905625, 0.9, 0.8040302522073697, 0.8947368421052632, 0.85, 0.95, 0.9444444444444444, 0.85, 0.9344143309524285)
Anthemindependent1_12_HLA-A*31:01:(0.9717291255752794, 0.8846153846153846, 0.7756315349925287, 0.8767123287671232, 0.8205128205128205, 0.9487179487179487, 0.9411764705882353, 0.8205128205128205, 0.9767442625027765)
Anthemindependent1_12_HLA-A*32:01:(1.0, 1.0, 1.0, 1.0, 1.0, 1.0, 1.0, 1.0, 1.0)
Anthemindependent1_12_HLA-A*33:01:(0.9970414201183432, 0.9615384615384616, 0.9258200997725515, 0.9600000000000001, 0.9230769230769231, 1.0, 1.0, 0.9230769230769231, 0.9972527472527473)
Anthemindependent1_12_HLA-A*66:01:(1.0, 0.95, 0.9045340337332909, 0.9523809523809523, 1.0, 0.9, 0.9090909090909091, 1.0, 1.0)
Anthemindependent1_12_HLA-A*68:01:(0.9722448979591838, 0.9, 0.8029550685469662, 0.8955223880597014, 0.8571428571428571, 0.9428571428571428, 0.9375, 0.8571428571428571, 0.9796631484761736)
Anthemindependent1_12_HLA-A*68:02:(0.8557406305770375, 0.7560975609756098, 0.5700715542877983, 0.6875000000000001, 0.5365853658536586, 0.975609756097561, 0.9565217391304348, 0.5365853658536586, 0.878326556698517)
Anthemindependent1_12_HLA-B*07:02:(0.9724359941652834, 0.9290780141843972, 0.860322436007678, 0.9264705882352942, 0.8936170212765957, 0.9645390070921985, 0.9618320610687023, 0.8936170212765957, 0.9768143631683367)
Anthemindependent1_12_HLA-B*08:01:(0.8873510188389081, 0.7450980392156863, 0.5328806953993594, 0.6829268292682927, 0.5490196078431373, 0.9411764705882353, 0.9032258064516129, 0.5490196078431373, 0.8930244675701202)
Anthemindependent1_12_HLA-B*15:01:(0.9319463496418229, 0.8641975308641975, 0.7340102779027434, 0.8552631578947367, 0.8024691358024691, 0.9259259259259259, 0.9154929577464789, 0.8024691358024691, 0.9514220391775177)
Anthemindependent1_12_HLA-B*15:02:(0.78125, 0.5, 0.0, 0.2, 0.125, 0.875, 0.5, 0.125, 0.71875)
Anthemindependent1_12_HLA-B*15:03:(1.0, 1.0, 1.0, 1.0, 1.0, 1.0, 1.0, 1.0, 1.0)
Anthemindependent1_12_HLA-B*27:01:(0.996875, 0.95, 0.901127113779166, 0.9487179487179489, 0.925, 0.975, 0.9736842105263158, 0.925, 0.9967479128061605)
Anthemindependent1_12_HLA-B*27:02:(0.992638888888889, 0.9416666666666667, 0.8894069800262436, 0.9380530973451328, 0.8833333333333333, 1.0, 1.0, 0.8833333333333333, 0.993417209951571)
Anthemindependent1_12_HLA-B*27:03:(0.8666666666666667, 0.8666666666666667, 0.7399400733959437, 0.8571428571428571, 0.8, 0.9333333333333333, 0.9230769230769231, 0.8, 0.9115384615384615)
Anthemindependent1_12_HLA-B*27:04:(0.9375, 0.9375, 0.8819171036881969, 0.9333333333333333, 0.875, 1.0, 1.0, 0.875, 0.96875)
Anthemindependent1_12_HLA-B*27:05:(0.8271140443394804, 0.671078755790867, 0.4240834868112635, 0.5350795135640786, 0.37780713342140027, 0.9655172413793104, 0.9166666666666666, 0.37780713342140027, 0.8475555674340036)
Anthemindependent1_12_HLA-B*27:06:(0.9, 0.9, 0.816496580927726, 0.888888888888889, 0.8, 1.0, 1.0, 0.8, 0.95)
Anthemindependent1_12_HLA-B*27:07:(0.951388888888889, 0.9583333333333334, 0.9166666666666666, 0.9583333333333334, 0.9583333333333334, 0.9583333333333334, 0.9583333333333334, 0.9583333333333334, 0.9555069005333594)
Anthemindependent1_12_HLA-B*27:08:(0.9797979797979798, 0.9242424242424242, 0.8583950752789522, 0.9180327868852458, 0.8484848484848485, 1.0, 1.0, 0.8484848484848485, 0.9876054921509467)
Anthemindependent1_12_HLA-B*27:09:(0.8714880332986472, 0.8548387096774194, 0.7284927963857741, 0.8363636363636364, 0.7419354838709677, 0.967741935483871, 0.9583333333333334, 0.7419354838709677, 0.9089536426332073)
Anthemindependent1_12_HLA-B*35:01:(0.9200146092037984, 0.8378378378378378, 0.684738794580971, 0.823529411764706, 0.7567567567567568, 0.918918918918919, 0.9032258064516129, 0.7567567567567568, 0.9375009907267973)
Anthemindependent1_12_HLA-B*35:03:(0.5, 0.5, nan, nan, 0.0, 1.0, nan, 0.0, 0.75)
Anthemindependent1_12_HLA-B*35:08:(0.5, 0.5, nan, nan, 0.0, 1.0, nan, 0.0, 0.75)
Anthemindependent1_12_HLA-B*37:01:(0.5, 0.5, nan, nan, 0.0, 1.0, nan, 0.0, 0.75)
Anthemindependent1_12_HLA-B*38:01:(1.0, 1.0, 1.0, 1.0, 1.0, 1.0, 1.0, 1.0, 1.0)
Anthemindependent1_12_HLA-B*39:01:(1.0, 1.0, 1.0, 1.0, 1.0, 1.0, 1.0, 1.0, 1.0)
Anthemindependent1_12_HLA-B*39:06:(0.8333333333333333, 0.5, nan, nan, 0.0, 1.0, nan, 0.0, 0.9166666666666666)
Anthemindependent1_12_HLA-B*40:01:(0.9965277777777778, 0.9583333333333334, 0.917463421851129, 0.9574468085106383, 0.9375, 0.9791666666666666, 0.9782608695652174, 0.9375, 0.996534082855313)
Anthemindependent1_12_HLA-B*40:02:(0.943981674302374, 0.9285714285714286, 0.8616404368553292, 0.9247311827956989, 0.8775510204081632, 0.9795918367346939, 0.9772727272727273, 0.8775510204081632, 0.9692630213285149)
Anthemindependent1_12_HLA-B*44:02:(0.9697231833910036, 0.9264705882352942, 0.8623164985025762, 0.9206349206349206, 0.8529411764705882, 1.0, 1.0, 0.8529411764705882, 0.9810457328757579)
Anthemindependent1_12_HLA-B*44:03:(0.9707950243374797, 0.9418604651162791, 0.8897565210026093, 0.9382716049382717, 0.8837209302325582, 1.0, 1.0, 0.8837209302325582, 0.9827350859453994)
Anthemindependent1_12_HLA-B*44:27:(0.5, 0.5, nan, nan, 0.0, 1.0, nan, 0.0, 0.75)
Anthemindependent1_12_HLA-B*45:01:(0.6666666666666666, 0.6666666666666666, 0.4472135954999579, 0.5, 0.3333333333333333, 1.0, 1.0, 0.3333333333333333, 0.8333333333333333)
Anthemindependent1_12_HLA-B*46:01:(0.8571428571428572, 0.7857142857142857, 0.6324555320336759, 0.7272727272727273, 0.5714285714285714, 1.0, 1.0, 0.5714285714285714, 0.9285714285714286)
Anthemindependent1_12_HLA-B*49:01:(0.8367346938775512, 0.8571428571428571, 0.7453559924999299, 0.8333333333333333, 0.7142857142857143, 1.0, 1.0, 0.7142857142857143, 0.9047619047619048)
Anthemindependent1_12_HLA-B*50:01:(0.5, 0.5, nan, nan, 0.0, 1.0, nan, 0.0, 0.75)
Anthemindependent1_12_HLA-B*51:01:(0.956754612180123, 0.8380281690140845, 0.7077213895435063, 0.8099173553719008, 0.6901408450704225, 0.9859154929577465, 0.98, 0.6901408450704225, 0.963734269885087)
Anthemindependent1_12_HLA-B*51:08:(0.5, 0.5, nan, nan, 0.0, 1.0, nan, 0.0, 0.75)
Anthemindependent1_12_HLA-B*53:01:(0.9479166666666666, 0.8333333333333334, 0.6761234037828132, 0.8181818181818182, 0.75, 0.9166666666666666, 0.9, 0.75, 0.9405594405594404)
Anthemindependent1_12_HLA-B*54:01:(0.8571428571428572, 0.8571428571428571, 0.7453559924999299, 0.8333333333333333, 0.7142857142857143, 1.0, 1.0, 0.7142857142857143, 0.9285714285714286)
Anthemindependent1_12_HLA-B*56:01:(0.9958677685950413, 0.9545454545454546, 0.9128709291752768, 0.9523809523809523, 0.9090909090909091, 1.0, 1.0, 0.9090909090909091, 0.9962121212121212)
Anthemindependent1_12_HLA-B*57:01:(0.9494105857846232, 0.8960674157303371, 0.8061092114560207, 0.8854489164086686, 0.8033707865168539, 0.9887640449438202, 0.9862068965517241, 0.8033707865168539, 0.9627503282810297)
Anthemindependent1_12_HLA-B*57:03:(0.9393004115226338, 0.8981481481481481, 0.8133501469468494, 0.8865979381443299, 0.7962962962962963, 1.0, 1.0, 0.7962962962962963, 0.9616324270867586)
Anthemindependent1_12_HLA-B*58:01:(0.9300411522633745, 0.8425925925925926, 0.721891100210676, 0.8131868131868133, 0.6851851851851852, 1.0, 1.0, 0.6851851851851852, 0.9511059389584375)
Anthemindependent1_12_HLA-C*01:02:(0.9540292049756625, 0.872093023255814, 0.7610423906471905, 0.8571428571428571, 0.7674418604651163, 0.9767441860465116, 0.9705882352941176, 0.7674418604651163, 0.9609555310359399)
Anthemindependent1_12_HLA-C*02:02:(0.5, 0.5, nan, nan, 0.0, 1.0, nan, 0.0, 0.75)
Anthemindependent1_12_HLA-C*03:03:(0.8, 0.8, 0.6546536707079772, 0.7499999999999999, 0.6, 1.0, 1.0, 0.6, 0.9)
Anthemindependent1_12_HLA-C*03:04:(0.8333333333333333, 0.8333333333333334, 0.7071067811865476, 0.8, 0.6666666666666666, 1.0, 1.0, 0.6666666666666666, 0.9166666666666666)
Anthemindependent1_12_HLA-C*04:01:(0.8340192043895747, 0.5740740740740741, 0.282842712474619, 0.25806451612903225, 0.14814814814814814, 1.0, 1.0, 0.14814814814814814, 0.8721325574586444)
Anthemindependent1_12_HLA-C*05:01:(0.9567901234567902, 0.8148148148148148, 0.6778343894045651, 0.7727272727272727, 0.6296296296296297, 1.0, 1.0, 0.6296296296296297, 0.9622954151372762)
Anthemindependent1_12_HLA-C*06:02:(0.7327806122448979, 0.6964285714285714, 0.465250427881595, 0.5853658536585366, 0.42857142857142855, 0.9642857142857143, 0.9230769230769231, 0.42857142857142855, 0.7702073435358283)
Anthemindependent1_12_HLA-C*07:01:(0.899584487534626, 0.8421052631578947, 0.7092081432669752, 0.8181818181818182, 0.7105263157894737, 0.9736842105263158, 0.9642857142857143, 0.7105263157894737, 0.8696520354394587)
Anthemindependent1_12_HLA-C*07:02:(0.8671875, 0.8125, 0.629940788348712, 0.823529411764706, 0.875, 0.75, 0.7777777777777778, 0.875, 0.9001736111111112)
Anthemindependent1_12_HLA-C*07:04:(0.5, 0.5, nan, nan, 0.0, 1.0, nan, 0.0, 0.75)
Anthemindependent1_12_HLA-C*08:02:(0.9444444444444444, 0.9444444444444444, 0.8944271909999159, 0.9411764705882353, 0.8888888888888888, 1.0, 1.0, 0.8888888888888888, 0.9722222222222222)
Anthemindependent1_12_HLA-C*12:03:(0.5, 0.5, nan, nan, 0.0, 1.0, nan, 0.0, 0.75)
Anthemindependent1_12_HLA-C*14:02:(1.0, 1.0, 1.0, 1.0, 1.0, 1.0, 1.0, 1.0, 1.0)
Anthemindependent1_12_HLA-C*15:02:(0.9, 0.8, 0.6546536707079772, 0.7499999999999999, 0.6, 1.0, 1.0, 0.6, 0.95)
Anthemindependent1_12_HLA-C*16:01:(0.7265625, 0.5625, 0.2581988897471611, 0.2222222222222222, 0.125, 1.0, 1.0, 0.125, 0.7922619047619048)
Anthemindependent1_13_HLA-A*01:01:(0.9992695398100804, 0.9819819819819819, 0.964120477029448, 0.9818181818181818, 0.972972972972973, 0.990990990990991, 0.9908256880733946, 0.972972972972973, 0.9992767941100449)
Anthemindependent1_13_HLA-A*02:01:(0.9209881384178021, 0.8663366336633663, 0.7562051853647911, 0.8474576271186441, 0.7425742574257426, 0.9900990099009901, 0.9868421052631579, 0.7425742574257426, 0.9467024164618356)
Anthemindependent1_13_HLA-A*02:02:(0.75, 0.75, 0.5773502691896257, 0.6666666666666666, 0.5, 1.0, 1.0, 0.5, 0.875)
Anthemindependent1_13_HLA-A*02:03:(0.6666666666666666, 0.6666666666666666, 0.4472135954999579, 0.5, 0.3333333333333333, 1.0, 1.0, 0.3333333333333333, 0.8333333333333333)
Anthemindependent1_13_HLA-A*02:05:(0.8333333333333333, 0.8333333333333334, 0.7071067811865476, 0.8, 0.6666666666666666, 1.0, 1.0, 0.6666666666666666, 0.9166666666666666)
Anthemindependent1_13_HLA-A*02:07:(0.5, 0.5, nan, nan, 0.0, 1.0, nan, 0.0, 0.75)
Anthemindependent1_13_HLA-A*02:11:(0.8333333333333333, 0.8333333333333334, 0.7071067811865476, 0.8, 0.6666666666666666, 1.0, 1.0, 0.6666666666666666, 0.9166666666666666)
Anthemindependent1_13_HLA-A*03:01:(0.9320987654320989, 0.8333333333333334, 0.6837634587578277, 0.8125000000000001, 0.7222222222222222, 0.9444444444444444, 0.9285714285714286, 0.7222222222222222, 0.9447186720284546)
Anthemindependent1_13_HLA-A*11:01:(0.944515306122449, 0.875, 0.7745966692414833, 0.8571428571428571, 0.75, 1.0, 1.0, 0.75, 0.9597593120732867)
Anthemindependent1_13_HLA-A*24:02:(0.9868507560815253, 0.9487179487179487, 0.9021937088963173, 0.945945945945946, 0.8974358974358975, 1.0, 1.0, 0.8974358974358975, 0.9885008203823535)
Anthemindependent1_13_HLA-A*24:06:(1.0, 1.0, 1.0, 1.0, 1.0, 1.0, 1.0, 1.0, 1.0)
Anthemindependent1_13_HLA-A*25:01:(0.5, 0.5, nan, nan, 0.0, 1.0, nan, 0.0, 0.75)
Anthemindependent1_13_HLA-A*26:01:(1.0, 1.0, 1.0, 1.0, 1.0, 1.0, 1.0, 1.0, 1.0)
Anthemindependent1_13_HLA-A*29:02:(0.9581258488003622, 0.9148936170212766, 0.8420753583206844, 0.9069767441860465, 0.8297872340425532, 1.0, 1.0, 0.8297872340425532, 0.9736789317523182)
Anthemindependent1_13_HLA-A*30:01:(0.8333333333333333, 0.8333333333333334, 0.7071067811865476, 0.8, 0.6666666666666666, 1.0, 1.0, 0.6666666666666666, 0.9166666666666666)
Anthemindependent1_13_HLA-A*31:01:(0.9132653061224489, 0.8571428571428571, 0.7216878364870323, 0.8461538461538461, 0.7857142857142857, 0.9285714285714286, 0.9166666666666666, 0.7857142857142857, 0.9471153846153846)
Anthemindependent1_13_HLA-A*32:01:(0.9285714285714286, 0.8571428571428571, 0.7453559924999299, 0.8333333333333333, 0.7142857142857143, 1.0, 1.0, 0.7142857142857143, 0.9642857142857142)
Anthemindependent1_13_HLA-A*33:01:(0.845, 0.8, 0.6123724356957946, 0.7777777777777777, 0.7, 0.9, 0.875, 0.7, 0.897979797979798)
Anthemindependent1_13_HLA-A*66:01:(1.0, 1.0, 1.0, 1.0, 1.0, 1.0, 1.0, 1.0, 1.0)
Anthemindependent1_13_HLA-A*68:01:(0.95, 0.95, 0.9045340337332909, 0.9473684210526316, 0.9, 1.0, 1.0, 0.9, 0.975)
Anthemindependent1_13_HLA-A*68:02:(0.719281663516068, 0.6521739130434783, 0.3567530340063379, 0.5294117647058824, 0.391304347826087, 0.9130434782608695, 0.8181818181818182, 0.391304347826087, 0.7536800156365374)
Anthemindependent1_13_HLA-B*07:02:(0.995242214532872, 0.9117647058823529, 0.8366600265340755, 0.9032258064516129, 0.8235294117647058, 1.0, 1.0, 0.8235294117647058, 0.9957958359512054)
Anthemindependent1_13_HLA-B*13:02:(1.0, 1.0, 1.0, 1.0, 1.0, 1.0, 1.0, 1.0, 1.0)
Anthemindependent1_13_HLA-B*15:01:(0.9411570247933885, 0.9, 0.816496580927726, 0.888888888888889, 0.8, 1.0, 1.0, 0.8, 0.9627055195056822)
Anthemindependent1_13_HLA-B*15:03:(0.625, 0.625, 0.3779644730092272, 0.4, 0.25, 1.0, 1.0, 0.25, 0.8125)
Anthemindependent1_13_HLA-B*15:17:(0.5, 0.5, nan, nan, 0.0, 1.0, nan, 0.0, 0.75)
Anthemindependent1_13_HLA-B*27:01:(0.9570637119113572, 0.8421052631578947, 0.6998964726756151, 0.8235294117647058, 0.7368421052631579, 0.9473684210526315, 0.9333333333333333, 0.7368421052631579, 0.9681275880620023)
Anthemindependent1_13_HLA-B*27:02:(0.9910836762688614, 0.9259259259259259, 0.8613567692141089, 0.92, 0.8518518518518519, 1.0, 1.0, 0.8518518518518519, 0.9911170406860061)
Anthemindependent1_13_HLA-B*27:03:(1.0, 1.0, 1.0, 1.0, 1.0, 1.0, 1.0, 1.0, 1.0)
Anthemindependent1_13_HLA-B*27:04:(0.75, 0.75, 0.5773502691896258, 0.6666666666666666, 0.5, 1.0, 1.0, 0.5, 0.875)
Anthemindependent1_13_HLA-B*27:05:(0.8196416392832786, 0.6801181102362205, 0.42974444483320695, 0.5602165087956699, 0.4074803149606299, 0.952755905511811, 0.8961038961038961, 0.4074803149606299, 0.8297984958954645)
Anthemindependent1_13_HLA-B*27:06:(0.75, 0.75, 0.5773502691896258, 0.6666666666666666, 0.5, 1.0, 1.0, 0.5, 0.875)
Anthemindependent1_13_HLA-B*27:07:(0.9285714285714286, 0.9285714285714286, 0.8660254037844387, 0.923076923076923, 0.8571428571428571, 1.0, 1.0, 0.8571428571428571, 0.9642857142857143)
Anthemindependent1_13_HLA-B*27:08:(0.9533333333333334, 0.9333333333333333, 0.8666666666666667, 0.9333333333333333, 0.9333333333333333, 0.9333333333333333, 0.9333333333333333, 0.9333333333333333, 0.9467765567765568)
Anthemindependent1_13_HLA-B*27:09:(0.7662037037037037, 0.625, 0.3779644730092272, 0.4, 0.25, 1.0, 1.0, 0.25, 0.8334272075232478)
Anthemindependent1_13_HLA-B*35:01:(0.9186851211072664, 0.7941176470588235, 0.6454972243679028, 0.7407407407407407, 0.5882352941176471, 1.0, 1.0, 0.5882352941176471, 0.9348348954966603)
Anthemindependent1_13_HLA-B*38:01:(0.75, 0.75, 0.5773502691896258, 0.6666666666666666, 0.5, 1.0, 1.0, 0.5, 0.875)
Anthemindependent1_13_HLA-B*40:01:(1.0, 1.0, 1.0, 1.0, 1.0, 1.0, 1.0, 1.0, 1.0)
Anthemindependent1_13_HLA-B*40:02:(1.0, 0.85, 0.7337993857053428, 0.8235294117647058, 0.7, 1.0, 1.0, 0.7, 1.0)
Anthemindependent1_13_HLA-B*44:02:(0.9603174603174602, 0.9285714285714286, 0.8660254037844386, 0.923076923076923, 0.8571428571428571, 1.0, 1.0, 0.8571428571428571, 0.9782913165266106)
Anthemindependent1_13_HLA-B*44:03:(0.875, 0.875, 0.7745966692414834, 0.8571428571428571, 0.75, 1.0, 1.0, 0.75, 0.9375)
Anthemindependent1_13_HLA-B*45:01:(0.75, 0.75, 0.5773502691896258, 0.6666666666666666, 0.5, 1.0, 1.0, 0.5, 0.875)
Anthemindependent1_13_HLA-B*46:01:(0.75, 0.75, 0.5773502691896257, 0.6666666666666666, 0.5, 1.0, 1.0, 0.5, 0.875)
Anthemindependent1_13_HLA-B*49:01:(0.75, 0.75, 0.5773502691896258, 0.6666666666666666, 0.5, 1.0, 1.0, 0.5, 0.875)
Anthemindependent1_13_HLA-B*51:01:(0.9137500000000001, 0.7, 0.5, 0.5714285714285715, 0.4, 1.0, 1.0, 0.4, 0.919995453715083)
Anthemindependent1_13_HLA-B*53:01:(0.8333333333333333, 0.8333333333333334, 0.7071067811865476, 0.8, 0.6666666666666666, 1.0, 1.0, 0.6666666666666666, 0.9166666666666666)
Anthemindependent1_13_HLA-B*54:01:(1.0, 0.9, 0.816496580927726, 0.888888888888889, 0.8, 1.0, 1.0, 0.8, 1.0)
Anthemindependent1_13_HLA-B*56:01:(1.0, 1.0, 1.0, 1.0, 1.0, 1.0, 1.0, 1.0, 1.0)
Anthemindependent1_13_HLA-B*57:01:(0.9013422070196311, 0.8079268292682927, 0.6600461356085294, 0.7657992565055761, 0.6280487804878049, 0.9878048780487805, 0.9809523809523809, 0.6280487804878049, 0.9264371893169562)
Anthemindependent1_13_HLA-B*57:03:(0.9368998628257887, 0.8148148148148148, 0.6592317241800592, 0.782608695652174, 0.6666666666666666, 0.9629629629629629, 0.9473684210526315, 0.6666666666666666, 0.9453711439091556)
Anthemindependent1_13_HLA-B*58:01:(0.7792000000000001, 0.74, 0.5, 0.6976744186046512, 0.6, 0.88, 0.8333333333333334, 0.6, 0.8510748635422549)
Anthemindependent1_13_HLA-C*01:02:(0.375, 0.25, -0.5773502691896258, nan, 0.0, 0.5, 0.0, 0.0, 0.375)
Anthemindependent1_13_HLA-C*03:03:(0.6666666666666666, 0.6666666666666666, 0.4472135954999579, 0.5, 0.3333333333333333, 1.0, 1.0, 0.3333333333333333, 0.8333333333333333)
Anthemindependent1_13_HLA-C*03:04:(0.6666666666666666, 0.6666666666666666, 0.4472135954999579, 0.5, 0.3333333333333333, 1.0, 1.0, 0.3333333333333333, 0.8333333333333333)
Anthemindependent1_13_HLA-C*04:01:(0.7344045368620038, 0.717391304347826, 0.472455591261534, 0.6486486486486486, 0.5217391304347826, 0.9130434782608695, 0.8571428571428571, 0.5217391304347826, 0.7980331262939958)
Anthemindependent1_13_HLA-C*05:01:(0.7283950617283952, 0.6666666666666666, 0.4008918628686366, 0.5384615384615385, 0.3888888888888889, 0.9444444444444444, 0.875, 0.3888888888888889, 0.7839506172839505)
Anthemindependent1_13_HLA-C*06:02:(0.5863177226813591, 0.5151515151515151, 0.04920678313051229, 0.2, 0.12121212121212122, 0.9090909090909091, 0.5714285714285714, 0.12121212121212122, 0.6007730871970348)
Anthemindependent1_13_HLA-C*07:01:(0.5, 0.5, nan, nan, 0.0, 1.0, nan, 0.0, 0.75)
Anthemindependent1_13_HLA-C*07:02:(0.6481481481481481, 0.6666666666666666, 0.3721042037676254, 0.5714285714285714, 0.4444444444444444, 0.8888888888888888, 0.8, 0.4444444444444444, 0.7435185185185185)
Anthemindependent1_13_HLA-C*08:02:(1.0, 1.0, 1.0, 1.0, 1.0, 1.0, 1.0, 1.0, 1.0)
Anthemindependent1_13_HLA-C*14:02:(0.5, 0.5, nan, nan, 0.0, 1.0, nan, 0.0, 0.75)
Anthemindependent1_13_HLA-C*15:02:(0.75, 0.75, 0.5773502691896258, 0.6666666666666666, 0.5, 1.0, 1.0, 0.5, 0.875)
Anthemindependent1_13_HLA-C*16:01:(0.8333333333333333, 0.8333333333333334, 0.7071067811865476, 0.8, 0.6666666666666666, 1.0, 1.0, 0.6666666666666666, 0.9166666666666666)
Anthemindependent1_14_HLA-A*01:01:(0.9872411242603552, 0.9615384615384616, 0.9258200997725515, 0.9600000000000001, 0.9230769230769231, 1.0, 1.0, 0.9230769230769231, 0.9920801207339669)
Anthemindependent1_14_HLA-A*02:01:(0.8348692033293699, 0.75, 0.5541176475147955, 0.6813186813186812, 0.5344827586206896, 0.9655172413793104, 0.9393939393939394, 0.5344827586206896, 0.8767021197528486)
Anthemindependent1_14_HLA-A*02:02:(0.5, 0.5, nan, nan, 0.0, 1.0, nan, 0.0, 0.75)
Anthemindependent1_14_HLA-A*02:03:(0.5, 0.5, nan, nan, 0.0, 1.0, nan, 0.0, 0.75)
Anthemindependent1_14_HLA-A*02:05:(0.5, 0.5, nan, nan, 0.0, 1.0, nan, 0.0, 0.75)
Anthemindependent1_14_HLA-A*02:07:(0.5, 0.5, nan, nan, 0.0, 1.0, nan, 0.0, 0.75)
Anthemindependent1_14_HLA-A*03:01:(0.9, 0.7, 0.5, 0.5714285714285715, 0.4, 1.0, 1.0, 0.4, 0.9500000000000001)
Anthemindependent1_14_HLA-A*11:01:(0.8877551020408164, 0.7142857142857143, 0.4472135954999579, 0.6666666666666666, 0.5714285714285714, 0.8571428571428571, 0.8, 0.5714285714285714, 0.8468537414965986)
Anthemindependent1_14_HLA-A*23:01:(0.5, 0.5, nan, nan, 0.0, 1.0, nan, 0.0, 0.75)
Anthemindependent1_14_HLA-A*24:02:(0.927734375, 0.84375, 0.6999132392733555, 0.8275862068965517, 0.75, 0.9375, 0.9230769230769231, 0.75, 0.948138966079743)
Anthemindependent1_14_HLA-A*24:06:(0.5, 0.5, nan, nan, 0.0, 1.0, nan, 0.0, 0.75)
Anthemindependent1_14_HLA-A*26:01:(1.0, 1.0, 1.0, 1.0, 1.0, 1.0, 1.0, 1.0, 1.0)
Anthemindependent1_14_HLA-A*29:02:(1.0, 0.9583333333333334, 0.9198662110077999, 0.9565217391304348, 0.9166666666666666, 1.0, 1.0, 0.9166666666666666, 1.0)
Anthemindependent1_14_HLA-A*30:02:(0.75, 0.75, 0.5773502691896257, 0.6666666666666666, 0.5, 1.0, 1.0, 0.5, 0.875)
Anthemindependent1_14_HLA-A*31:01:(0.9285714285714286, 0.8571428571428571, 0.7453559924999299, 0.8333333333333333, 0.7142857142857143, 1.0, 1.0, 0.7142857142857143, 0.9642857142857143)
Anthemindependent1_14_HLA-A*32:01:(0.75, 0.75, 0.5773502691896258, 0.6666666666666666, 0.5, 1.0, 1.0, 0.5, 0.875)
Anthemindependent1_14_HLA-A*33:01:(0.5, 0.5, nan, nan, 0.0, 1.0, nan, 0.0, 0.75)
Anthemindependent1_14_HLA-A*66:01:(0.75, 0.75, 0.5773502691896258, 0.6666666666666666, 0.5, 1.0, 1.0, 0.5, 0.875)
Anthemindependent1_14_HLA-A*68:01:(1.0, 1.0, 1.0, 1.0, 1.0, 1.0, 1.0, 1.0, 1.0)
Anthemindependent1_14_HLA-A*68:02:(0.8024691358024693, 0.6388888888888888, 0.4016096644512494, 0.4347826086956522, 0.2777777777777778, 1.0, 1.0, 0.2777777777777778, 0.855927424064679)
Anthemindependent1_14_HLA-B*07:02:(0.9347993827160493, 0.8611111111111112, 0.7407437469876467, 0.8437499999999999, 0.75, 0.9722222222222222, 0.9642857142857143, 0.75, 0.9613671148632834)
Anthemindependent1_14_HLA-B*15:01:(0.9389348025711662, 0.8636363636363636, 0.735767207381959, 0.8524590163934426, 0.7878787878787878, 0.9393939393939394, 0.9285714285714286, 0.7878787878787878, 0.9561159157967059)
Anthemindependent1_14_HLA-B*15:03:(0.5, 0.5, nan, nan, 0.0, 1.0, nan, 0.0, 0.75)
Anthemindependent1_14_HLA-B*27:02:(0.9669421487603305, 0.9090909090909091, 0.8320502943378437, 0.9166666666666666, 1.0, 0.8181818181818182, 0.8461538461538461, 1.0, 0.9720279720279721)
Anthemindependent1_14_HLA-B*27:03:(1.0, 1.0, 1.0, 1.0, 1.0, 1.0, 1.0, 1.0, 1.0)
Anthemindependent1_14_HLA-B*27:04:(0.75, 0.75, 0.5773502691896258, 0.6666666666666666, 0.5, 1.0, 1.0, 0.5, 0.875)
Anthemindependent1_14_HLA-B*27:05:(0.8258175405239699, 0.6981627296587927, 0.45260527402256656, 0.6020761245674741, 0.4566929133858268, 0.9396325459317585, 0.883248730964467, 0.4566929133858268, 0.8103730631225505)
Anthemindependent1_14_HLA-B*27:07:(0.5, 0.5, nan, nan, 0.0, 1.0, nan, 0.0, 0.75)
Anthemindependent1_14_HLA-B*27:09:(0.8168, 0.74, 0.5345224838248488, 0.6666666666666666, 0.52, 0.96, 0.9285714285714286, 0.52, 0.8503779448621555)
Anthemindependent1_14_HLA-B*35:01:(0.7177777777777777, 0.6333333333333333, 0.3922322702763681, 0.4210526315789474, 0.26666666666666666, 1.0, 1.0, 0.26666666666666666, 0.8099999999999999)
Anthemindependent1_14_HLA-B*40:01:(0.5, 0.5, nan, nan, 0.0, 1.0, nan, 0.0, 0.75)
Anthemindependent1_14_HLA-B*40:02:(1.0, 1.0, 1.0, 1.0, 1.0, 1.0, 1.0, 1.0, 1.0)
Anthemindependent1_14_HLA-B*44:02:(0.625, 0.625, 0.2581988897471611, 0.5714285714285715, 0.5, 0.75, 0.6666666666666666, 0.5, 0.7083333333333333)
Anthemindependent1_14_HLA-B*44:03:(0.5, 0.5, nan, nan, 0.0, 1.0, nan, 0.0, 0.75)
Anthemindependent1_14_HLA-B*46:01:(0.5, 0.5, nan, nan, 0.0, 1.0, nan, 0.0, 0.75)
Anthemindependent1_14_HLA-B*51:01:(0.7857142857142857, 0.7857142857142857, 0.6324555320336759, 0.7272727272727273, 0.5714285714285714, 1.0, 1.0, 0.5714285714285714, 0.8928571428571428)
Anthemindependent1_14_HLA-B*54:01:(0.75, 0.75, 0.5773502691896258, 0.6666666666666666, 0.5, 1.0, 1.0, 0.5, 0.875)
Anthemindependent1_14_HLA-B*56:01:(0.6666666666666666, 0.6666666666666666, 0.4472135954999579, 0.5, 0.3333333333333333, 1.0, 1.0, 0.3333333333333333, 0.8333333333333333)
Anthemindependent1_14_HLA-B*57:01:(0.8160850138872117, 0.7032967032967034, 0.458329555319892, 0.6142857142857142, 0.4725274725274725, 0.9340659340659341, 0.8775510204081632, 0.4725274725274725, 0.847358776408005)
Anthemindependent1_14_HLA-B*57:03:(0.5918367346938775, 0.5714285714285714, 0.17407765595569785, 0.4, 0.2857142857142857, 0.8571428571428571, 0.6666666666666666, 0.2857142857142857, 0.641156462585034)
Anthemindependent1_14_HLA-B*58:01:(0.7600000000000001, 0.7, 0.408248290463863, 0.6666666666666665, 0.6, 0.8, 0.75, 0.6, 0.85)
Anthemindependent1_14_HLA-C*01:02:(0.75, 0.75, 0.5773502691896258, 0.6666666666666666, 0.5, 1.0, 1.0, 0.5, 0.875)
Anthemindependent1_14_HLA-C*03:03:(0.5, 0.5, nan, nan, 0.0, 1.0, nan, 0.0, 0.75)
Anthemindependent1_14_HLA-C*03:04:(0.5, 0.5, nan, nan, 0.0, 1.0, nan, 0.0, 0.75)
Anthemindependent1_14_HLA-C*04:01:(0.763157894736842, 0.6842105263157895, 0.47519096331149147, 0.5384615384615384, 0.3684210526315789, 1.0, 1.0, 0.3684210526315789, 0.8084021723778084)
Anthemindependent1_14_HLA-C*05:01:(0.7132963988919668, 0.6052631578947368, 0.3429971702850177, 0.34782608695652173, 0.21052631578947367, 1.0, 1.0, 0.21052631578947367, 0.7740959227540529)
Anthemindependent1_14_HLA-C*06:02:(0.7409972299168975, 0.6052631578947368, 0.27153769332085226, 0.423076923076923, 0.2894736842105263, 0.9210526315789473, 0.7857142857142857, 0.2894736842105263, 0.7289472489279294)
Anthemindependent1_14_HLA-C*07:02:(0.7685950413223139, 0.6818181818181818, 0.4714045207910317, 0.5333333333333333, 0.36363636363636365, 1.0, 1.0, 0.36363636363636365, 0.8484848484848485)
Anthemindependent1_14_HLA-C*08:02:(0.5, 0.5, nan, nan, 0.0, 1.0, nan, 0.0, 0.75)
Anthemindependent1_14_HLA-C*14:02:(0.5, 0.5, nan, nan, 0.0, 1.0, nan, 0.0, 0.75)
Anthemindependent1_14_HLA-C*15:02:(0.6666666666666666, 0.6666666666666666, 0.4472135954999579, 0.5, 0.3333333333333333, 1.0, 1.0, 0.3333333333333333, 0.8333333333333333)
Anthemindependent1_14_HLA-C*16:01:(0.5, 0.5, nan, nan, 0.0, 1.0, nan, 0.0, 0.75)
