HLAB_independent1_14_HLA-C*04:01:(0.7105263157894737, 0.7105263157894737, 0.4924554555718649, 0.7700851063829788, 0.968421052631579, 0.4526315789473684, 0.968421052631579, 0.6395757190529159)
HLAB_independent1_14_HLA-C*14:02:(1.0, 1.0, 1.0, 1.0, 1.0, 1.0, 1.0, 1.0)
HLAB_independent1_14_HLA-B*15:11:(0.9, 0.9, 0.8, 1.0, 0.8, 1.0, 0.8, 1.0)
HLAB_independent1_14_HLA-A*30:01:(0.75, 0.75, 0.5773502691896258, 0.8, 1.0, 0.5, 1.0, 0.6666666666666666)
HLAB_independent1_14_HLA-A*02:11:(1.0, 1.0, 1.0, 1.0, 1.0, 1.0, 1.0, 1.0)
HLAB_independent1_14_HLA-B*44:02:(0.825, 0.825, 0.6647580015448901, 0.8333333333333334, 0.9, 0.75, 0.9, 0.7799999999999999)
HLAB_independent1_14_HLA-C*03:04:(1.0, 1.0, 1.0, 1.0, 1.0, 1.0, 1.0, 1.0)
HLAB_independent1_14_HLA-A*02:02:(1.0, 1.0, 1.0, 1.0, 1.0, 1.0, 1.0, 1.0)
HLAB_independent1_14_HLA-B*40:01:(0.75, 0.75, 0.5773502691896258, 0.6666666666666666, 0.5, 1.0, 0.5, 1.0)
HLAB_independent1_14_HLA-B*58:01:(0.78, 0.7799999999999999, 0.5616496580927726, 0.7733333333333334, 0.76, 0.8, 0.76, 0.79)
HLAB_independent1_14_HLA-B*27:04:(0.85, 0.85, 0.7464101615137755, 0.8, 0.7, 1.0, 0.7, 1.0)
HLAB_independent1_14_HLA-B*56:01:(0.9666666666666668, 0.9666666666666668, 0.9414213562373096, 0.9714285714285715, 1.0, 0.9333333333333332, 1.0, 0.95)
HLAB_independent1_14_HLA-C*01:02:(0.8, 0.8, 0.6618802153517006, 0.7333333333333332, 0.6, 1.0, 0.6, 1.0)
HLAB_independent1_14_HLA-A*03:01:(0.9, 0.9, 0.816496580927726, 0.888888888888889, 0.8, 1.0, 0.8, 1.0)
HLAB_independent1_14_HLA-B*27:09:(0.796, 0.796, 0.597424535027648, 0.7845464852607711, 0.744, 0.8480000000000001, 0.744, 0.8335507246376812)
HLAB_independent1_14_HLA-A*31:01:(0.9428571428571428, 0.9428571428571428, 0.8892673043709184, 0.9406593406593405, 0.9142857142857143, 0.9714285714285715, 0.9142857142857143, 0.9714285714285715)
HLAB_independent1_14_HLA-C*08:02:(0.7, 0.7, 0.46188021535170065, 0.6666666666666666, 0.4, 1.0, 0.4, 1.0)
HLAB_independent1_14_HLA-B*15:01:(0.9212121212121211, 0.9212121212121213, 0.8444604853310601, 0.9234209098659226, 0.9515151515151515, 0.8909090909090909, 0.9515151515151515, 0.8973737373737374)
HLAB_independent1_14_HLA-B*15:02:(0.5, 0.5, 0.0, 0.6666666666666666, 1.0, 0.0, 1.0, 0.5)
HLAB_independent1_14_HLA-A*68:02:(0.8055555555555556, 0.8055555555555556, 0.615198624646258, 0.8143949617633828, 0.8555555555555555, 0.7555555555555555, 0.8555555555555555, 0.7779365079365079)
HLAB_independent1_14_HLA-B*50:01:(0.5, 0.5, 0.0, nan, 0.0, 1.0, 0.0, nan)
HLAB_independent1_14_HLA-A*23:01:(0.85, 0.85, 0.7464101615137755, 0.8800000000000001, 1.0, 0.7, 1.0, 0.7999999999999999)
HLAB_independent1_14_HLA-B*13:02:(1.0, 1.0, 1.0, 1.0, 1.0, 1.0, 1.0, 1.0)
HLAB_independent1_14_HLA-B*51:01:(0.7428571428571429, 0.7428571428571429, 0.5663219935337265, 0.7960784313725491, 1.0, 0.48571428571428565, 1.0, 0.6618181818181817)
HLAB_independent1_14_HLA-C*12:03:(1.0, 1.0, 1.0, 1.0, 1.0, 1.0, 1.0, 1.0)
HLAB_independent1_14_HLA-A*68:01:(0.9, 0.9, 0.8196773353931868, 0.8920634920634921, 0.85, 0.95, 0.85, 0.96)
HLAB_independent1_14_HLA-C*03:03:(0.65, 0.65, 0.3464101615137755, 0.6533333333333333, 0.7, 0.6, 0.7, 0.6666666666666666)
HLAB_independent1_14_HLA-C*16:01:(0.95, 0.95, 0.9154700538379252, 0.9333333333333333, 0.9, 1.0, 0.9, 1.0)
HLAB_independent1_14_HLA-A*02:03:(1.0, 1.0, 1.0, 1.0, 1.0, 1.0, 1.0, 1.0)
HLAB_independent1_14_HLA-A*02:01:(0.8137931034482758, 0.8137931034482758, 0.6303023587883183, 0.8048101198543677, 0.7689655172413793, 0.8586206896551725, 0.7689655172413793, 0.8445694682675814)
HLAB_independent1_14_HLA-B*46:01:(0.6666666666666667, 0.6666666666666666, 0.3414213562373095, 0.6514285714285715, 0.6666666666666666, 0.6666666666666666, 0.6666666666666666, 0.6499999999999999)
HLAB_independent1_14_HLA-A*26:01:(0.6, 0.6, 0.2, 0.8333333333333333, 0.8, 0.4, 0.8, 0.6)
HLAB_independent1_14_HLA-C*07:01:(0.6, 0.6, 0.2, 0.7777777777777777, 0.6, 0.6, 0.6, 0.6666666666666666)
HLAB_independent1_14_HLA-A*02:05:(1.0, 1.0, 1.0, 1.0, 1.0, 1.0, 1.0, 1.0)
HLAB_independent1_14_HLA-C*06:02:(0.6789473684210525, 0.6789473684210525, 0.3782712370194542, 0.7169572243995976, 0.8210526315789475, 0.5368421052631579, 0.8210526315789475, 0.6382722804884227)
HLAB_independent1_14_HLA-B*18:01:(0.6, 0.6, 0.2, 1.0, 0.2, 1.0, 0.2, 1.0)
HLAB_independent1_14_HLA-C*05:01:(0.7631578947368421, 0.7631578947368421, 0.5296456919057094, 0.7564949326559234, 0.7368421052631579, 0.7894736842105263, 0.7368421052631579, 0.7815376676986585)
HLAB_independent1_14_HLA-B*54:01:(0.85, 0.85, 0.7464101615137755, 0.8800000000000001, 1.0, 0.7, 1.0, 0.7999999999999999)
HLAB_independent1_14_HLA-A*02:04:(1.0, 1.0, 1.0, 1.0, 1.0, 1.0, 1.0, 1.0)
HLAB_independent1_14_HLA-B*35:01:(0.8333333333333334, 0.8333333333333333, 0.6761388110932199, 0.8438092979127134, 0.9066666666666666, 0.76, 0.9066666666666666, 0.7902476780185758)
HLAB_independent1_14_HLA-B*57:01:(0.7648351648351648, 0.7648351648351648, 0.5385803001802263, 0.7415369464003071, 0.6747252747252748, 0.8549450549450549, 0.6747252747252748, 0.8232206416943258)
HLAB_independent1_14_HLA-B*27:06:(1.0, 1.0, 1.0, 1.0, 1.0, 1.0, 1.0, 1.0)
HLAB_independent1_14_HLA-A*01:01:(0.9807692307692306, 0.9807692307692306, 0.9615384615384615, 0.9807692307692306, 0.9807692307692306, 0.9807692307692306, 0.9807692307692306, 0.9807692307692306)
HLAB_independent1_14_HLA-A*02:07:(0.5, 0.5, 0.0, nan, 0.0, 1.0, 0.0, nan)
HLAB_independent1_14_HLA-B*27:07:(1.0, 1.0, 1.0, 1.0, 1.0, 1.0, 1.0, 1.0)
HLAB_independent1_14_HLA-A*66:01:(0.55, 0.55, 0.11547005383792516, 0.5599999999999999, 0.6, 0.5, 0.6, 0.5333333333333333)
HLAB_independent1_14_HLA-B*45:01:(1.0, 1.0, 1.0, 1.0, 1.0, 1.0, 1.0, 1.0)
HLAB_independent1_14_HLA-B*07:02:(0.9583333333333333, 0.9583333333333334, 0.9170205237216018, 0.9577464788732396, 0.9444444444444444, 0.9722222222222221, 0.9444444444444444, 0.9714285714285713)
HLAB_independent1_14_HLA-B*14:02:(0.6, 0.6, 0.2, 1.0, 0.2, 1.0, 0.2, 1.0)
HLAB_independent1_14_HLA-B*57:03:(0.6285714285714286, 0.6285714285714286, 0.337376972141243, 0.45777777777777773, 0.3142857142857142, 0.9428571428571428, 0.3142857142857142, 0.8666666666666666)
HLAB_independent1_14_HLA-A*11:01:(0.6428571428571429, 0.6428571428571429, 0.31622776601683794, 0.5454545454545454, 0.42857142857142855, 0.8571428571428571, 0.42857142857142855, 0.75)
HLAB_independent1_14_HLA-B*15:03:(0.6, 0.6, 0.23094010767585033, 0.6199999999999999, 0.7, 0.5, 0.7, 0.5666666666666667)
HLAB_independent1_14_HLA-C*15:02:(0.4, 0.39999999999999997, -0.2, 0.3942857142857143, 0.39999999999999997, 0.4, 0.39999999999999997, 0.39999999999999997)
HLAB_independent1_14_HLA-A*33:01:(0.95, 0.95, 0.9154700538379252, 0.9333333333333332, 0.9, 1.0, 0.9, 1.0)
HLAB_independent1_14_HLA-C*07:02:(0.7272727272727273, 0.7272727272727273, 0.46176299663962006, 0.7319762845849802, 0.7636363636363637, 0.6909090909090908, 0.7636363636363637, 0.7101065601065601)
HLAB_independent1_14_HLA-A*29:02:(1.0, 1.0, 1.0, 1.0, 1.0, 1.0, 1.0, 1.0)
HLAB_independent1_14_HLA-B*44:03:(0.5, 0.5, 0.0, 0.6666666666666666, 1.0, 0.0, 1.0, 0.5)
HLAB_independent1_14_HLA-A*24:06:(0.5, 0.5, 0.0, nan, 0.0, 1.0, 0.0, nan)
HLAB_independent1_14_HLA-B*27:05:(0.735958005249344, 0.7359580052493437, 0.47530791568445097, 0.7490257247968575, 0.7884514435695538, 0.6834645669291339, 0.7884514435695538, 0.7142215740626632)
HLAB_independent1_14_HLA-B*27:02:(0.8636363636363636, 0.8636363636363636, 0.7559289460184545, 0.8421052631578949, 0.7272727272727273, 1.0, 0.7272727272727273, 1.0)
HLAB_independent1_14_HLA-A*32:01:(1.0, 1.0, 1.0, 1.0, 1.0, 1.0, 1.0, 1.0)
HLAB_independent1_14_HLA-B*40:02:(1.0, 1.0, 1.0, 1.0, 1.0, 1.0, 1.0, 1.0)
HLAB_independent1_14_HLA-B*49:01:(1.0, 1.0, 1.0, 1.0, 1.0, 1.0, 1.0, 1.0)
HLAB_independent1_14_HLA-B*44:27:(1.0, 1.0, 1.0, 1.0, 1.0, 1.0, 1.0, 1.0)
HLAB_independent1_14_HLA-B*27:03:(0.9, 0.9, 0.8, 0.9333333333333332, 1.0, 0.8, 1.0, 0.9)
HLAB_independent1_14_HLA-C*07:04:(0.5, 0.5, 0.0, nan, 0.0, 1.0, 0.0, nan)
HLAB_independent1_14_HLA-B*27:08:(0.74, 0.74, 0.5068104425615088, 0.7696969696969695, 0.8800000000000001, 0.6, 0.8800000000000001, 0.6857142857142857)
HLAB_independent1_14_HLA-A*30:02:(1.0, 1.0, 1.0, 1.0, 1.0, 1.0, 1.0, 1.0)
HLAB_independent1_14_HLA-B*37:01:(1.0, 1.0, 1.0, 1.0, 1.0, 1.0, 1.0, 1.0)
HLAB_independent1_14_HLA-A*24:02:(0.88125, 0.88125, 0.7634059754030107, 0.8802052785923754, 0.875, 0.8875, 0.875, 0.8864705882352941)
HLAB_independent1_14_HLA-B*35:08:(1.0, 1.0, 1.0, 1.0, 1.0, 1.0, 1.0, 1.0)
HLAB_independent1_13_HLA-B*27:06:(1.0, 1.0, 1.0, 1.0, 1.0, 1.0, 1.0, 1.0)
HLAB_independent1_13_HLA-A*31:01:(0.8, 0.8, 0.6130717556560021, 0.7770769230769231, 0.7, 0.9, 0.7, 0.8754545454545456)
HLAB_independent1_13_HLA-C*08:02:(0.975, 0.975, 0.9549193338482966, 0.9777777777777779, 1.0, 0.95, 1.0, 0.96)
HLAB_independent1_13_HLA-B*15:02:(0.9, 0.9, 0.8, 1.0, 0.8, 1.0, 0.8, 1.0)
HLAB_independent1_13_HLA-B*27:07:(0.9285714285714286, 0.9285714285714286, 0.8660254037844387, 0.923076923076923, 0.8571428571428571, 1.0, 0.8571428571428571, 1.0)
HLAB_independent1_13_HLA-A*68:02:(0.6695652173913043, 0.6695652173913043, 0.3518330937804278, 0.6278891086208159, 0.5565217391304347, 0.782608695652174, 0.5565217391304347, 0.7282658517952635)
HLAB_independent1_13_HLA-B*45:01:(1.0, 1.0, 1.0, 1.0, 1.0, 1.0, 1.0, 1.0)
HLAB_independent1_13_HLA-A*23:01:(0.85, 0.85, 0.7337993857053428, 0.8235294117647058, 0.7, 1.0, 0.7, 1.0)
HLAB_independent1_13_HLA-B*51:01:(0.8949999999999999, 0.8949999999999999, 0.7937293736761257, 0.8996245577073712, 0.9400000000000001, 0.85, 0.9400000000000001, 0.8630528891398457)
HLAB_independent1_13_HLA-A*68:01:(0.95, 0.95, 0.904534033733291, 0.9473684210526316, 0.9, 1.0, 0.9, 1.0)
HLAB_independent1_13_HLA-C*15:02:(0.5, 0.5, 0.0, 0.3714285714285714, 0.3, 0.7, 0.3, 0.5)
HLAB_independent1_13_HLA-A*25:01:(1.0, 1.0, 1.0, 1.0, 1.0, 1.0, 1.0, 1.0)
HLAB_independent1_13_HLA-A*33:01:(0.86, 0.86, 0.7503388247498194, 0.8774703557312253, 1.0, 0.72, 1.0, 0.7820512820512822)
HLAB_independent1_13_HLA-C*07:02:(0.7222222222222221, 0.7222222222222221, 0.45724506961993167, 0.6916666666666667, 0.6222222222222222, 0.8222222222222222, 0.6222222222222222, 0.7857142857142857)
HLAB_independent1_13_HLA-A*29:02:(0.948936170212766, 0.948936170212766, 0.8994990222548338, 0.947348303870043, 0.9191489361702129, 0.9787234042553191, 0.9191489361702129, 0.9773737373737375)
HLAB_independent1_13_HLA-B*44:03:(0.825, 0.825, 0.6942792238188903, 0.7868131868131869, 0.65, 1.0, 0.65, 1.0)
HLAB_independent1_13_HLA-C*06:02:(0.6909090909090908, 0.6909090909090908, 0.3962524926388582, 0.725790218433333, 0.8181818181818181, 0.5636363636363636, 0.8181818181818181, 0.6534715113784881)
HLAB_independent1_13_HLA-B*27:02:(0.9962962962962962, 0.9962962962962962, 0.9927248223318863, 0.9963636363636365, 1.0, 0.9925925925925926, 1.0, 0.9928571428571429)
HLAB_independent1_13_HLA-B*54:01:(0.9, 0.9, 0.816496580927726, 0.909090909090909, 1.0, 0.8, 1.0, 0.8333333333333334)
HLAB_independent1_13_HLA-B*35:01:(0.9705882352941175, 0.9705882352941175, 0.9428090415820634, 0.9714285714285713, 1.0, 0.9411764705882353, 1.0, 0.9444444444444444)
HLAB_independent1_13_HLA-B*57:01:(0.8689024390243902, 0.8689024390243902, 0.7417345130898154, 0.8618764261106886, 0.8182926829268293, 0.9195121951219513, 0.8182926829268293, 0.9105627939908301)
HLAB_independent1_13_HLA-C*17:01:(nan, 1.0, 0.0, 1.0, 1.0, nan, 1.0, 1.0)
HLAB_independent1_13_HLA-B*27:03:(0.9000000000000001, 0.9, 0.8177576392706352, 0.9100000000000001, 1.0, 0.8, 1.0, 0.836111111111111)
HLAB_independent1_13_HLA-A*01:01:(0.9846846846846846, 0.9846846846846846, 0.969424802873798, 0.984680280146516, 0.9855855855855855, 0.9837837837837837, 0.9855855855855855, 0.9838305993615728)
HLAB_independent1_13_HLA-A*02:07:(0.5333333333333333, 0.5333333333333333, 0.08944271909999159, 0.5, 0.13333333333333333, 0.9333333333333332, 0.13333333333333333, 0.6666666666666666)
HLAB_independent1_13_HLA-B*53:01:(1.0, 1.0, 1.0, 1.0, 1.0, 1.0, 1.0, 1.0)
HLAB_independent1_13_HLA-A*66:01:(1.0, 1.0, 1.0, 1.0, 1.0, 1.0, 1.0, 1.0)
HLAB_independent1_13_HLA-B*07:02:(0.9779411764705884, 0.9779411764705882, 0.9564411570292313, 0.9775777752839809, 0.9617647058823529, 0.9941176470588236, 0.9617647058823529, 0.9939846223428314)
HLAB_independent1_13_HLA-B*27:08:(0.9666666666666666, 0.9666666666666666, 0.9354143466934854, 0.967741935483871, 1.0, 0.9333333333333333, 1.0, 0.9375)
HLAB_independent1_13_HLA-B*57:03:(0.888888888888889, 0.888888888888889, 0.7833902698173001, 0.8818823529411765, 0.8296296296296296, 0.9481481481481481, 0.8296296296296296, 0.9413043478260871)
HLAB_independent1_13_HLA-A*11:01:(0.9, 0.9, 0.8102528160561301, 0.891553544494721, 0.8214285714285714, 0.9785714285714286, 0.8214285714285714, 0.975)
HLAB_independent1_13_HLA-B*15:03:(0.95, 0.95, 0.9098386676965934, 0.9492063492063492, 0.95, 0.95, 0.95, 0.96)
HLAB_independent1_13_HLA-B*37:01:(1.0, 1.0, 1.0, 1.0, 1.0, 1.0, 1.0, 1.0)
HLAB_independent1_13_HLA-B*35:08:(0.5, 0.5, 0.0, nan, 0.0, 1.0, 0.0, nan)
HLAB_independent1_13_HLA-A*24:06:(1.0, 1.0, 1.0, 1.0, 1.0, 1.0, 1.0, 1.0)
HLAB_independent1_13_HLA-C*04:01:(0.7086956521739131, 0.7086956521739131, 0.425978817441609, 0.7334266022747918, 0.8, 0.6173913043478261, 0.8, 0.678937728937729)
HLAB_independent1_13_HLA-C*14:02:(1.0, 1.0, 1.0, 1.0, 1.0, 1.0, 1.0, 1.0)
HLAB_independent1_13_HLA-B*27:05:(0.7757874015748032, 0.7757874015748032, 0.552154894759952, 0.7721390409545171, 0.7602362204724409, 0.7913385826771654, 0.7602362204724409, 0.7849031126094822)
HLAB_independent1_13_HLA-B*27:01:(0.894736842105263, 0.8947368421052632, 0.7938841860374447, 0.9, 0.9473684210526315, 0.8421052631578947, 0.9473684210526315, 0.8571428571428571)
HLAB_independent1_13_HLA-A*32:01:(0.9142857142857144, 0.9142857142857144, 0.8380404478673071, 0.9076239316239316, 0.8428571428571429, 0.9857142857142858, 0.8428571428571429, 0.9846153846153847)
HLAB_independent1_13_HLA-A*02:11:(1.0, 1.0, 1.0, 1.0, 1.0, 1.0, 1.0, 1.0)
HLAB_independent1_13_HLA-B*40:02:(0.8700000000000001, 0.8700000000000001, 0.7668782637942961, 0.8496732026143791, 0.74, 1.0, 0.74, 1.0)
HLAB_independent1_13_HLA-B*44:02:(0.9571428571428571, 0.9571428571428571, 0.9165656054209979, 0.955609756097561, 0.9238095238095237, 0.9904761904761905, 0.9238095238095237, 0.99)
HLAB_independent1_13_HLA-C*03:04:(0.9333333333333333, 0.9333333333333333, 0.882842712474619, 0.9428571428571428, 1.0, 0.8666666666666666, 1.0, 0.9)
HLAB_independent1_13_HLA-A*02:02:(0.8333333333333333, 0.8333333333333334, 0.7071067811865476, 0.8, 0.6666666666666666, 1.0, 0.6666666666666666, 1.0)
HLAB_independent1_13_HLA-B*40:01:(1.0, 1.0, 1.0, 1.0, 1.0, 1.0, 1.0, 1.0)
HLAB_independent1_13_HLA-B*49:01:(1.0, 1.0, 1.0, 1.0, 1.0, 1.0, 1.0, 1.0)
HLAB_independent1_13_HLA-B*15:17:(1.0, 1.0, 1.0, 1.0, 1.0, 1.0, 1.0, 1.0)
HLAB_independent1_13_HLA-B*27:04:(0.875, 0.875, 0.7745966692414834, 0.8571428571428571, 0.75, 1.0, 0.75, 1.0)
HLAB_independent1_13_HLA-B*44:27:(1.0, 1.0, 1.0, 1.0, 1.0, 1.0, 1.0, 1.0)
HLAB_independent1_13_HLA-B*56:01:(1.0, 1.0, 1.0, 1.0, 1.0, 1.0, 1.0, 1.0)
HLAB_independent1_13_HLA-C*01:02:(0.5, 0.5, 0.0, 0.5, 0.5, 0.5, 0.5, 0.5)
HLAB_independent1_13_HLA-B*35:03:(1.0, 1.0, 1.0, 1.0, 1.0, 1.0, 1.0, 1.0)
HLAB_independent1_13_HLA-A*03:01:(0.861111111111111, 0.861111111111111, 0.7233393492970545, 0.8648648648648649, 0.888888888888889, 0.8333333333333334, 0.888888888888889, 0.8421052631578947)
HLAB_independent1_13_HLA-B*27:09:(0.825, 0.825, 0.6631892074127561, 0.8059700954103939, 0.7277777777777776, 0.9222222222222223, 0.7277777777777776, 0.904188310350713)
HLAB_independent1_13_HLA-B*15:01:(0.9018181818181817, 0.9018181818181817, 0.8098661517219636, 0.8953323375653472, 0.8400000000000001, 0.9636363636363636, 0.8400000000000001, 0.9585034013605442)
HLAB_independent1_13_HLA-B*08:01:(1.0, 1.0, 1.0, 1.0, 1.0, 1.0, 1.0, 1.0)
HLAB_independent1_13_HLA-B*50:01:(0.9, 0.9, 0.8, 0.9333333333333332, 1.0, 0.8, 1.0, 0.9)
HLAB_independent1_13_HLA-B*13:02:(1.0, 1.0, 1.0, 1.0, 1.0, 1.0, 1.0, 1.0)
HLAB_independent1_13_HLA-C*12:03:(0.5, 0.5, 0.0, nan, 0.0, 1.0, 0.0, nan)
HLAB_independent1_13_HLA-C*03:03:(0.8666666666666668, 0.8666666666666668, 0.7656854249492381, 0.8857142857142858, 1.0, 0.7333333333333333, 1.0, 0.8)
HLAB_independent1_13_HLA-C*16:01:(0.6666666666666667, 0.6666666666666666, 0.3333333333333333, 0.6666666666666666, 0.6666666666666666, 0.6666666666666666, 0.6666666666666666, 0.6666666666666666)
HLAB_independent1_13_HLA-A*30:02:(0.9235294117647059, 0.9235294117647059, 0.8503840734860386, 0.9204545454545455, 0.8823529411764707, 0.9647058823529411, 0.8823529411764707, 0.9625)
HLAB_independent1_13_HLA-A*02:03:(0.8, 0.8, 0.6551281440492296, 0.8357142857142856, 1.0, 0.5999999999999999, 1.0, 0.72)
HLAB_independent1_13_HLA-A*02:01:(0.8772277227722771, 0.8772277227722773, 0.7567196793031332, 0.8724305023067549, 0.8396039603960397, 0.914851485148515, 0.8396039603960397, 0.9080928745937996)
HLAB_independent1_13_HLA-B*46:01:(0.8, 0.8, 0.6411526331172757, 0.7587878787878788, 0.6333333333333333, 0.9666666666666668, 0.6333333333333333, 0.96)
HLAB_independent1_13_HLA-A*24:02:(0.9358974358974359, 0.9358974358974359, 0.8740391610685802, 0.9346616181002145, 0.917948717948718, 0.9538461538461538, 0.917948717948718, 0.9539009686378106)
HLAB_independent1_13_HLA-A*26:01:(1.0, 1.0, 1.0, 1.0, 1.0, 1.0, 1.0, 1.0)
HLAB_independent1_13_HLA-C*07:01:(1.0, 1.0, 1.0, 1.0, 1.0, 1.0, 1.0, 1.0)
HLAB_independent1_13_HLA-A*02:05:(0.8666666666666666, 0.8666666666666668, 0.765685424949238, 0.8400000000000001, 0.7333333333333332, 1.0, 0.7333333333333332, 1.0)
HLAB_independent1_13_HLA-B*39:01:(1.0, 1.0, 1.0, 1.0, 1.0, 1.0, 1.0, 1.0)
HLAB_independent1_13_HLA-A*30:01:(0.7000000000000002, 0.7, 0.49919223263727586, 0.7714285714285714, 1.0, 0.39999999999999997, 1.0, 0.6300000000000001)
HLAB_independent1_13_HLA-B*18:01:(0.6, 0.6, 0.2, 1.0, 0.2, 1.0, 0.2, 1.0)
HLAB_independent1_13_HLA-B*38:01:(0.5, 0.5, 0.0, nan, 0.0, 1.0, 0.0, nan)
HLAB_independent1_13_HLA-B*58:01:(0.764, 0.764, 0.5365688397207131, 0.7428260869565217, 0.68, 0.8480000000000001, 0.68, 0.8197308488612837)
HLAB_independent1_13_HLA-C*05:01:(0.6888888888888889, 0.6888888888888889, 0.382420728185568, 0.6683183183183183, 0.6333333333333334, 0.7444444444444444, 0.6333333333333334, 0.7136675020885547)
HLAB_independent1_8_HLA-B*27:08:(1.0, 1.0, 1.0, 1.0, 1.0, 1.0, 1.0, 1.0)
HLAB_independent1_8_HLA-B*37:01:(0.9819905213270141, 0.9819905213270144, 0.9640026748792703, 0.9820419756515768, 0.9848341232227489, 0.9791469194312796, 0.9848341232227489, 0.979271689632864)
HLAB_independent1_8_HLA-A*24:02:(0.9195652173913043, 0.9195652173913043, 0.8419645034382667, 0.9221053206212234, 0.9521739130434783, 0.8869565217391304, 0.9521739130434783, 0.8948192740413606)
HLAB_independent1_8_HLA-B*35:08:(0.5666666666666667, 0.5666666666666667, 0.17888543819998318, 0.44000000000000006, 0.3333333333333333, 0.7999999999999999, 0.3333333333333333, 0.7)
HLAB_independent1_8_HLA-C*04:01:(0.9177805598356444, 0.9178470254957507, 0.8367273585953076, 0.915572554574843, 0.8943181818181818, 0.9412429378531074, 0.8943181818181818, 0.9380663766136953)
HLAB_independent1_8_HLA-C*14:02:(0.9735042735042736, 0.9735042735042734, 0.9483832018934866, 0.9742111002845405, 1.0, 0.947008547008547, 1.0, 0.9497601372354284)
HLAB_independent1_8_HLA-B*27:05:(0.791194968553459, 0.7911949685534593, 0.585192486626025, 0.7810209408269155, 0.7446540880503145, 0.8377358490566038, 0.7446540880503145, 0.8215360486561828)
HLAB_independent1_8_HLA-B*27:01:(0.9545454545454547, 0.9545454545454547, 0.9128709291752768, 0.9523809523809523, 0.909090909090909, 1.0, 0.909090909090909, 1.0)
HLAB_independent1_8_HLA-A*32:01:(0.8800000000000001, 0.8800000000000001, 0.7841279988837764, 0.861111111111111, 0.76, 1.0, 0.76, 1.0)
HLAB_independent1_8_HLA-B*15:11:(0.6, 0.6, 0.2, 1.0, 0.2, 1.0, 0.2, 1.0)
HLAB_independent1_8_HLA-A*30:01:(0.8333333333333334, 0.8333333333333334, 0.7071067811865476, 0.8571428571428571, 1.0, 0.6666666666666666, 1.0, 0.75)
HLAB_independent1_8_HLA-A*02:11:(1.0, 1.0, 1.0, 1.0, 1.0, 1.0, 1.0, 1.0)
HLAB_independent1_8_HLA-B*44:02:(0.9387096774193548, 0.9387096774193548, 0.8807967738375444, 0.935924410676018, 0.896774193548387, 0.9806451612903226, 0.896774193548387, 0.9790640394088671)
HLAB_independent1_8_HLA-C*03:04:(0.9413333333333332, 0.9413333333333332, 0.8833271751674818, 0.94223642597956, 0.9573333333333333, 0.9253333333333333, 0.9573333333333333, 0.9278080253080254)
HLAB_independent1_8_HLA-B*38:01:(0.8285714285714285, 0.8285714285714285, 0.7022851777370136, 0.7834032634032633, 0.6571428571428571, 1.0, 0.6571428571428571, 1.0)
HLAB_independent1_8_HLA-A*02:02:(0.7799999999999999, 0.7799999999999999, 0.6237323101006367, 0.7166666666666666, 0.56, 1.0, 0.56, 1.0)
HLAB_independent1_8_HLA-B*40:01:(0.9551724137931036, 0.9551724137931036, 0.9108865383319076, 0.9559322033898306, 0.9724137931034482, 0.9379310344827587, 0.9724137931034482, 0.9400000000000001)
HLAB_independent1_8_HLA-B*58:01:(0.9429824561403508, 0.9429824561403508, 0.8867603827183137, 0.9441299675902115, 0.9631578947368421, 0.9228070175438596, 0.9631578947368421, 0.9259123286953589)
HLAB_independent1_8_HLA-B*15:17:(0.9400000000000001, 0.9400000000000001, 0.8804162026720304, 0.9402150537634408, 0.9466666666666667, 0.9333333333333333, 0.9466666666666667, 0.9341666666666667)
HLAB_independent1_8_HLA-B*27:04:(0.8333333333333333, 0.8333333333333334, 0.7071067811865476, 0.8, 0.6666666666666666, 1.0, 0.6666666666666666, 1.0)
HLAB_independent1_8_HLA-B*39:24:(0.96, 0.96, 0.9214394048504655, 0.9597978883861236, 0.968, 0.952, 0.968, 0.9531049176266567)
HLAB_independent1_8_HLA-B*56:01:(1.0, 1.0, 1.0, 1.0, 1.0, 1.0, 1.0, 1.0)
HLAB_independent1_8_HLA-C*01:02:(0.9273972602739725, 0.9273972602739727, 0.8556086639451539, 0.9288913741511635, 0.9479452054794519, 0.9068493150684931, 0.9479452054794519, 0.9106801619433199)
HLAB_independent1_8_HLA-B*41:01:(0.9666666666666666, 0.9666666666666668, 0.9414213562373096, 0.96, 0.9333333333333332, 1.0, 0.9333333333333332, 1.0)
HLAB_independent1_8_HLA-B*18:03:(0.9857142857142858, 0.9857142857142858, 0.9720775535473554, 0.9860465116279069, 1.0, 0.9714285714285715, 1.0, 0.9727272727272727)
HLAB_independent1_8_HLA-A*03:01:(0.9491525423728813, 0.9491525423728813, 0.8987741304639366, 0.949801339782306, 0.9627118644067798, 0.9355932203389831, 0.9627118644067798, 0.93736444113807)
HLAB_independent1_8_HLA-B*27:09:(0.96, 0.96, 0.9204758924845369, 0.9597435897435898, 0.95, 0.9700000000000001, 0.95, 0.9700000000000001)
HLAB_independent1_8_HLA-A*31:01:(0.9166666666666667, 0.9166666666666666, 0.8451542547285167, 0.923076923076923, 1.0, 0.8333333333333334, 1.0, 0.8571428571428571)
HLAB_independent1_8_HLA-C*08:02:(0.9732394366197183, 0.9732394366197183, 0.9474884721922864, 0.9738394491793215, 0.996244131455399, 0.9502347417840376, 0.996244131455399, 0.9524255717921637)
HLAB_independent1_8_HLA-B*15:01:(0.9595856281143457, 0.9595141700404858, 0.9196800845712311, 0.9589613645607894, 0.9419354838709676, 0.9772357723577235, 0.9419354838709676, 0.9766790280426644)
HLAB_independent1_8_HLA-B*15:02:(0.9511627906976745, 0.9511627906976745, 0.9059988113905446, 0.9532556831433237, 0.9953488372093023, 0.9069767441860466, 0.9953488372093023, 0.9146893308664816)
HLAB_independent1_8_HLA-B*08:01:(0.9416666666666668, 0.9416666666666667, 0.8834851100108173, 0.9421926635038351, 0.9507246376811593, 0.9326086956521739, 0.9507246376811593, 0.9338195260306457)
HLAB_independent1_8_HLA-A*68:02:(0.7125, 0.7125, 0.4766344690110199, 0.6314352314352314, 0.5, 0.925, 0.5, 0.8866666666666667)
HLAB_independent1_8_HLA-B*50:01:(0.9428571428571428, 0.9428571428571428, 0.8928203230275511, 0.9384615384615383, 0.8857142857142858, 1.0, 0.8857142857142858, 1.0)
HLAB_independent1_8_HLA-B*13:02:(0.9560000000000001, 0.9559999999999998, 0.9156476176783015, 0.9579100145137881, 1.0, 0.9120000000000001, 1.0, 0.9193121693121693)
HLAB_independent1_8_HLA-B*51:01:(0.9360902255639099, 0.9360902255639099, 0.87294058149331, 0.937361755636225, 0.9563909774436091, 0.9157894736842105, 0.9563909774436091, 0.9191135827540858)
HLAB_independent1_8_HLA-C*12:03:(0.9341463414634147, 0.9341463414634147, 0.8715996808104386, 0.93668241314168, 0.975609756097561, 0.8926829268292684, 0.975609756097561, 0.900969349715558)
HLAB_independent1_8_HLA-A*68:01:(0.7999999999999998, 0.8, 0.6551281440492296, 0.74, 0.5999999999999999, 1.0, 0.5999999999999999, 1.0)
HLAB_independent1_8_HLA-C*03:03:(0.925, 0.925, 0.8524096322880904, 0.9220534759358289, 0.8884615384615385, 0.9615384615384615, 0.8884615384615385, 0.9584893617021277)
HLAB_independent1_8_HLA-C*16:01:(0.943, 0.943, 0.887517534319384, 0.9445446526210789, 0.97, 0.916, 0.97, 0.9206012905385752)
HLAB_independent1_8_HLA-A*30:02:(1.0, 1.0, 1.0, 1.0, 1.0, 1.0, 1.0, 1.0)
HLAB_independent1_8_HLA-A*02:03:(0.9142857142857143, 0.9142857142857143, 0.8356774658846937, 0.9098901098901099, 0.8571428571428571, 0.9714285714285715, 0.8571428571428571, 0.9714285714285715)
HLAB_independent1_8_HLA-A*02:01:(0.8578034682080926, 0.8578034682080926, 0.7158415981193917, 0.8594696242510892, 0.8693641618497109, 0.846242774566474, 0.8693641618497109, 0.8498512895422351)
HLAB_independent1_8_HLA-B*46:01:(0.934375, 0.934375, 0.868832457859795, 0.9346153846153846, 0.9375, 0.93125, 0.9375, 0.9318181818181819)
HLAB_independent1_8_HLA-A*26:01:(1.0, 1.0, 1.0, 1.0, 1.0, 1.0, 1.0, 1.0)
HLAB_independent1_8_HLA-A*25:01:(0.35, 0.35, -0.3464101615137755, nan, 0.0, 0.7, 0.0, 0.0)
HLAB_independent1_8_HLA-A*24:13:(0.8, 0.8, 0.6618802153517006, 0.7333333333333332, 0.6, 1.0, 0.6, 1.0)
HLAB_independent1_8_HLA-C*07:01:(0.9321428571428573, 0.9321428571428573, 0.8657707488699732, 0.9340613903574528, 0.9607142857142857, 0.9035714285714287, 0.9607142857142857, 0.9089187609585039)
HLAB_independent1_8_HLA-B*39:06:(0.9444444444444444, 0.9444444444444444, 0.894427190999916, 0.9411764705882353, 0.888888888888889, 1.0, 0.888888888888889, 1.0)
HLAB_independent1_8_HLA-A*02:05:(0.95, 0.95, 0.9098386676965934, 0.9428571428571428, 0.9, 1.0, 0.9, 1.0)
HLAB_independent1_8_HLA-B*39:01:(0.9535714285714286, 0.9535714285714286, 0.9076958493852869, 0.9528475228475228, 0.9428571428571428, 0.9642857142857142, 0.9428571428571428, 0.9634717134717136)
HLAB_independent1_8_HLA-A*02:12:(1.0, 1.0, 1.0, 1.0, 1.0, 1.0, 1.0, 1.0)
HLAB_independent1_8_HLA-B*18:01:(0.9577922077922079, 0.9577922077922079, 0.9159750268545646, 0.9583547960716728, 0.9714285714285713, 0.9441558441558442, 0.9714285714285713, 0.9456759246625609)
HLAB_independent1_8_HLA-C*05:01:(0.972535303776683, 0.9724928366762178, 0.9454121286662958, 0.9728205374433827, 0.9873563218390805, 0.9577142857142856, 0.9873563218390805, 0.9587088764742397)
HLAB_independent1_8_HLA-B*51:08:(0.9647058823529411, 0.9647058823529411, 0.9330174302560531, 0.9666409266409266, 1.0, 0.9294117647058824, 1.0, 0.9366666666666668)
HLAB_independent1_8_HLA-B*52:01:(0.9536585365853657, 0.9536585365853657, 0.9090763558789515, 0.9550794355478042, 0.984390243902439, 0.9229268292682928, 0.984390243902439, 0.9275079884541496)
HLAB_independent1_8_HLA-B*54:01:(0.8884615384615386, 0.8884615384615385, 0.7798380493074646, 0.8835918367346938, 0.8461538461538461, 0.9307692307692308, 0.8461538461538461, 0.9246376811594204)
HLAB_independent1_8_HLA-A*02:04:(0.93, 0.9299999999999999, 0.8658182238151513, 0.9301891091364775, 0.9400000000000001, 0.9200000000000002, 0.9400000000000001, 0.9262626262626263)
HLAB_independent1_8_HLA-B*27:06:(1.0, 1.0, 1.0, 1.0, 1.0, 1.0, 1.0, 1.0)
HLAB_independent1_8_HLA-A*01:01:(0.895459888333823, 0.8957575757575758, 0.79516121194291, 0.9011481344381483, 0.9445783132530121, 0.8463414634146341, 0.9445783132530121, 0.8615559802516325)
HLAB_independent1_8_HLA-B*27:07:(0.5, 0.5, 0.0, nan, 0.0, 1.0, 0.0, nan)
HLAB_independent1_8_HLA-A*66:01:(0.7111111111111112, 0.711111111111111, 0.4233298826444276, 0.7169590643274854, 0.7333333333333333, 0.6888888888888889, 0.7333333333333333, 0.7022222222222222)
HLAB_independent1_8_HLA-B*45:01:(0.9375, 0.9375, 0.8819171036881969, 0.9333333333333333, 0.875, 1.0, 0.875, 1.0)
HLAB_independent1_8_HLA-A*23:01:(0.6799999999999999, 0.6799999999999999, 0.4436435780471985, 0.5571428571428573, 0.4, 0.96, 0.4, 0.9333333333333332)
HLAB_independent1_8_HLA-B*14:02:(0.9631578947368421, 0.9631578947368421, 0.9267783353853541, 0.9637107449623438, 0.9776315789473683, 0.9486842105263158, 0.9776315789473683, 0.9502550260056074)
HLAB_independent1_8_HLA-B*57:03:(0.908108108108108, 0.9081081081081083, 0.8164241040512368, 0.9070916037647935, 0.8972972972972973, 0.918918918918919, 0.8972972972972973, 0.917123287671233)
HLAB_independent1_8_HLA-A*11:01:(0.8514285714285714, 0.8514285714285714, 0.7050463023956153, 0.846042134628614, 0.8171428571428573, 0.8857142857142858, 0.8171428571428573, 0.8778313084764697)
HLAB_independent1_8_HLA-B*15:03:(0.9640000000000001, 0.9640000000000001, 0.9284485383178049, 0.9640720288115245, 0.96, 0.968, 0.96, 0.9686153846153847)
HLAB_independent1_8_HLA-C*02:02:(0.9399999999999998, 0.9399999999999998, 0.8804229075567875, 0.9402256902761105, 0.944, 0.9359999999999999, 0.944, 0.9368974358974359)
HLAB_independent1_8_HLA-C*15:02:(0.9415384615384614, 0.9415384615384615, 0.884292654931269, 0.9400534235546137, 0.9169230769230768, 0.9661538461538463, 0.9169230769230768, 0.9645541380222106)
HLAB_independent1_8_HLA-A*33:01:(0.8949999999999999, 0.8949999999999999, 0.7913946543039273, 0.892280701754386, 0.8700000000000001, 0.9200000000000002, 0.8700000000000001, 0.9162573099415205)
HLAB_independent1_8_HLA-C*07:02:(0.982089552238806, 0.982089552238806, 0.9649019091395958, 0.9824595020842711, 1.0, 0.9641791044776118, 1.0, 0.9656255864256297)
HLAB_independent1_8_HLA-A*29:02:(0.9408163265306124, 0.9408163265306124, 0.8817431857662873, 0.9411667697381982, 0.9469387755102041, 0.9346938775510205, 0.9469387755102041, 0.9355102040816327)
HLAB_independent1_8_HLA-B*44:03:(0.9678571428571429, 0.9678571428571429, 0.9358373991279461, 0.9677922077922079, 0.9642857142857142, 0.9714285714285715, 0.9642857142857142, 0.9714285714285715)
HLAB_independent1_8_HLA-C*06:02:(0.9095238095238095, 0.9095238095238095, 0.8198813250099384, 0.9086253424987829, 0.9, 0.919047619047619, 0.9, 0.9182126004077225)
HLAB_independent1_8_HLA-A*24:06:(1.0, 1.0, 1.0, 1.0, 1.0, 1.0, 1.0, 1.0)
HLAB_independent1_8_HLA-B*73:01:(1.0, 1.0, 1.0, 1.0, 1.0, 1.0, 1.0, 1.0)
HLAB_independent1_8_HLA-B*27:02:(1.0, 1.0, 1.0, 1.0, 1.0, 1.0, 1.0, 1.0)
HLAB_independent1_8_HLA-B*40:02:(0.9677674373040752, 0.9677621283255087, 0.935564263876594, 0.9677058851961918, 0.9643750000000001, 0.9711598746081505, 0.9643750000000001, 0.9710779478771816)
HLAB_independent1_8_HLA-B*35:01:(0.8413043478260871, 0.8413043478260869, 0.6837832736743713, 0.8420125552996437, 0.8478260869565217, 0.8347826086956521, 0.8478260869565217, 0.8375389611129178)
HLAB_independent1_8_HLA-B*49:01:(0.9730510249887775, 0.9730886850152907, 0.9464836797276073, 0.9735008304612298, 0.9853658536585366, 0.9607361963190184, 0.9853658536585366, 0.9619449301883529)
HLAB_independent1_8_HLA-B*57:01:(0.8971223021582734, 0.8971223021582734, 0.7963700939203884, 0.8933483050562904, 0.8618705035971223, 0.9323741007194245, 0.8618705035971223, 0.9274095503931065)
HLAB_independent1_8_HLA-C*17:01:(0.925, 0.925, 0.8508135618076892, 0.9234008838155787, 0.9041666666666666, 0.9458333333333334, 0.9041666666666666, 0.9435625449686504)
HLAB_independent1_8_HLA-A*02:06:(0.75, 0.75, 0.5773502691896258, 0.6666666666666666, 0.5, 1.0, 0.5, 1.0)
HLAB_independent1_8_HLA-B*35:03:(0.9499999999999998, 0.95, 0.9025596354729066, 0.9485507246376811, 0.9166666666666666, 0.9833333333333332, 0.9166666666666666, 0.9833333333333332)
HLAB_independent1_8_HLA-B*27:03:(0.9, 0.9, 0.8, 0.9333333333333332, 1.0, 0.8, 1.0, 0.9)
HLAB_independent1_8_HLA-A*02:07:(1.0, 1.0, 1.0, 1.0, 1.0, 1.0, 1.0, 1.0)
HLAB_independent1_8_HLA-B*53:01:(0.9133333333333333, 0.9133333333333333, 0.8314524209666063, 0.9173020527859238, 0.96, 0.8666666666666668, 0.96, 0.8791666666666668)
HLAB_independent1_8_HLA-C*07:04:(0.8588235294117647, 0.8588235294117647, 0.7228010991884328, 0.8666570197440351, 0.9176470588235294, 0.7999999999999999, 0.9176470588235294, 0.821143815880658)
HLAB_independent1_8_HLA-B*07:02:(0.952173100871731, 0.9521640091116174, 0.9043723902877876, 0.9520742422563802, 0.948181818181818, 0.9561643835616438, 0.948181818181818, 0.9560125256587492)
HLAB_independent1_10_HLA-B*27:01:(0.9898912987745474, 0.9898734177215189, 0.9798528374996576, 0.9899218633431259, 0.9969543147208121, 0.9828282828282827, 0.9969543147208121, 0.9829947748693717)
HLAB_independent1_10_HLA-C*07:01:(0.9511363636363637, 0.9511363636363637, 0.9026333748983998, 0.9517399127428183, 0.9636363636363636, 0.9386363636363637, 0.9636363636363636, 0.9402105764831704)
HLAB_independent1_10_HLA-B*39:06:(0.9277777777777778, 0.9277777777777777, 0.8653044643681967, 0.9215584415584415, 0.8555555555555555, 1.0, 0.8555555555555555, 1.0)
HLAB_independent1_10_HLA-A*69:01:(0.9199999999999999, 0.9200000000000002, 0.8430297888509013, 0.9229175559919179, 0.96, 0.8800000000000001, 0.96, 0.8888278388278387)
HLAB_independent1_10_HLA-A*30:01:(0.8433333333333334, 0.8433333333333334, 0.6905362774736136, 0.8345760679392165, 0.7911111111111111, 0.8955555555555555, 0.7911111111111111, 0.8833139383000452)
HLAB_independent1_10_HLA-B*44:02:(0.9678571428571429, 0.9678571428571429, 0.9357390974163374, 0.9678490304586461, 0.9676190476190476, 0.968095238095238, 0.9676190476190476, 0.9681048288081)
HLAB_independent1_10_HLA-B*38:01:(0.9707865168539325, 0.9707865168539325, 0.9416678120048045, 0.9706460734606743, 0.9662921348314606, 0.9752808988764045, 0.9662921348314606, 0.9750992685475446)
HLAB_independent1_10_HLA-A*02:02:(0.9076923076923077, 0.9076923076923077, 0.8157715815058326, 0.9089392158778129, 0.9216117216117216, 0.8937728937728938, 0.9216117216117216, 0.8966821889128221)
HLAB_independent1_10_HLA-B*40:01:(0.9713354930295199, 0.9713423831070889, 0.9427241701727299, 0.9715142159189597, 0.9759036144578314, 0.9667673716012084, 0.9759036144578314, 0.9671658388978972)
HLAB_independent1_10_HLA-B*58:01:(0.935345086784201, 0.9353049907578559, 0.8714956396802144, 0.9339996185790238, 0.9136531365313653, 0.9570370370370369, 0.9136531365313653, 0.9553264100655083)
HLAB_independent1_10_HLA-B*27:04:(0.9683333333333334, 0.9683333333333334, 0.9385694235970566, 0.9672855879752431, 0.9366666666666668, 1.0, 0.9366666666666668, 1.0)
HLAB_independent1_10_HLA-B*56:01:(0.9478723404255319, 0.9478723404255319, 0.8968708304336929, 0.9491245826121479, 0.9723404255319149, 0.9234042553191489, 0.9723404255319149, 0.927040121390637)
HLAB_independent1_10_HLA-B*41:01:(0.90625, 0.90625, 0.8140915784106945, 0.909090909090909, 0.9375, 0.875, 0.9375, 0.8823529411764707)
HLAB_independent1_10_HLA-A*03:01:(0.9299657763161413, 0.9299817184643511, 0.8601084954995887, 0.9306949043216365, 0.9386861313868613, 0.9212454212454212, 0.9386861313868613, 0.9228612687666692)
HLAB_independent1_10_HLA-B*27:06:(0.9705882352941175, 0.9705882352941175, 0.9413574486632834, 0.97029702970297, 0.9607843137254901, 0.980392156862745, 0.9607843137254901, 0.9800000000000001)
HLAB_independent1_10_HLA-A*31:01:(0.9372623574144487, 0.9372623574144487, 0.874696361214793, 0.9377950626676028, 0.9460076045627377, 0.9285171102661597, 0.9460076045627377, 0.9297612471559396)
HLAB_independent1_10_HLA-C*08:02:(0.9572463768115942, 0.9572463768115943, 0.9147181490833411, 0.9567709734090155, 0.9463768115942027, 0.9681159420289855, 0.9463768115942027, 0.9674067570643514)
HLAB_independent1_10_HLA-B*15:01:(0.9605163866470399, 0.9605373635600337, 0.9212537762707189, 0.9609607185776952, 0.9688442211055277, 0.9521885521885523, 0.9688442211055277, 0.9532623964064557)
HLAB_independent1_10_HLA-B*15:02:(0.898581560283688, 0.898581560283688, 0.7975647579805104, 0.8992645163298499, 0.9063829787234041, 0.8907801418439716, 0.9063829787234041, 0.8925746684423965)
HLAB_independent1_10_HLA-B*27:07:(0.9847619047619048, 0.9847619047619048, 0.969611250086085, 0.9848608644924483, 0.9904761904761905, 0.9790476190476192, 0.9904761904761905, 0.9793331150128892)
HLAB_independent1_10_HLA-A*68:02:(0.8757097791798106, 0.8757097791798106, 0.7517524854936367, 0.8774945634451145, 0.8902208201892744, 0.861198738170347, 0.8902208201892744, 0.8651453969871484)
HLAB_independent1_10_HLA-B*45:01:(0.932, 0.932, 0.8641937494586523, 0.9315091057513799, 0.9248000000000001, 0.9391999999999999, 0.9248000000000001, 0.9384325623705653)
HLAB_independent1_10_HLA-B*50:01:(0.9833333333333334, 0.9833333333333332, 0.9672041516493517, 0.9830508474576269, 0.9666666666666666, 1.0, 0.9666666666666666, 1.0)
HLAB_independent1_10_HLA-A*23:01:(0.931638418079096, 0.931638418079096, 0.863328717419287, 0.9318357393945422, 0.9344632768361583, 0.9288135593220339, 0.9344632768361583, 0.9292634365595476)
HLAB_independent1_10_HLA-B*13:02:(0.9527272727272728, 0.9527272727272728, 0.9059337270763343, 0.952020158716549, 0.9381818181818181, 0.9672727272727274, 0.9381818181818181, 0.9663844541203032)
HLAB_independent1_10_HLA-B*51:01:(0.903697996918336, 0.9036827195467423, 0.8075264584055215, 0.9033966537384144, 0.8983050847457626, 0.9090909090909092, 0.8983050847457626, 0.9086661874264219)
HLAB_independent1_10_HLA-C*12:03:(0.8879999999999999, 0.8880000000000001, 0.7762563076101742, 0.8871836734693878, 0.8800000000000001, 0.8960000000000001, 0.8800000000000001, 0.8946666666666667)
HLAB_independent1_10_HLA-B*14:02:(0.9604166666666668, 0.9604166666666668, 0.9208740366877691, 0.9603508771929825, 0.9583333333333334, 0.9625, 0.9583333333333334, 0.9624113475177305)
HLAB_independent1_10_HLA-A*68:01:(0.9306930693069306, 0.9306930693069309, 0.8631793909755221, 0.9328513023742421, 0.9628712871287128, 0.8985148514851484, 0.9628712871287128, 0.9046494612192287)
HLAB_independent1_10_HLA-C*02:02:(0.924031007751938, 0.924031007751938, 0.8490466100025316, 0.9256237774630192, 0.9457364341085273, 0.9023255813953488, 0.9457364341085273, 0.9065236890720725)
HLAB_independent1_10_HLA-A*02:03:(0.8954582807781982, 0.8955177743431222, 0.7933939665013041, 0.8995031015382494, 0.9339506172839507, 0.8569659442724458, 0.9339506172839507, 0.8675440044312654)
HLAB_independent1_10_HLA-A*02:01:(0.8871923542983111, 0.8872340425531915, 0.7748411657511214, 0.8891707542332729, 0.9022140221402214, 0.8721706864564007, 0.9022140221402214, 0.8765595158241044)
HLAB_independent1_10_HLA-B*46:01:(0.9204819277108433, 0.9204819277108435, 0.8426489398714324, 0.9178870485392224, 0.8891566265060241, 0.9518072289156626, 0.8891566265060241, 0.9485813764294777)
HLAB_independent1_10_HLA-A*25:01:(0.9888888888888889, 0.9888888888888889, 0.977852177852473, 0.9889263842019748, 0.9936507936507937, 0.984126984126984, 0.9936507936507937, 0.9842757936507937)
HLAB_independent1_10_HLA-A*29:02:(0.9450847457627118, 0.945084745762712, 0.8902371118489987, 0.9450022409240029, 0.943728813559322, 0.9464406779661017, 0.943728813559322, 0.9463480248859643)
HLAB_independent1_10_HLA-A*02:05:(0.9364474272930648, 0.9364548494983278, 0.8729722683031833, 0.936821992381913, 0.9386666666666666, 0.9342281879194629, 0.9386666666666666, 0.9350472484868769)
HLAB_independent1_10_HLA-B*44:03:(0.9772602739726027, 0.9772602739726027, 0.9545757972461679, 0.977190946108999, 0.9742465753424657, 0.9802739726027397, 0.9742465753424657, 0.9801928906454691)
HLAB_independent1_10_HLA-B*39:01:(0.9943396226415093, 0.9943396226415093, 0.9887840577551898, 0.9942857142857143, 0.9886792452830189, 1.0, 0.9886792452830189, 1.0)
HLAB_independent1_10_HLA-C*06:02:(0.8754901960784313, 0.8754901960784313, 0.7520713844331579, 0.8720951519634783, 0.8490196078431372, 0.9019607843137255, 0.8490196078431372, 0.896511275427154)
HLAB_independent1_10_HLA-B*18:01:(0.9651162790697674, 0.9651162790697674, 0.9307649465622573, 0.9655063441088754, 0.9720930232558139, 0.9581395348837208, 0.9720930232558139, 0.9594535562179647)
HLAB_independent1_10_HLA-C*05:01:(0.9363636363636363, 0.9363636363636363, 0.8745247326727, 0.9342639622678632, 0.9045454545454545, 0.9681818181818181, 0.9045454545454545, 0.9660357568800437)
HLAB_independent1_10_HLA-B*51:08:(1.0, 1.0, 1.0, 1.0, 1.0, 1.0, 1.0, 1.0)
HLAB_independent1_10_HLA-B*52:01:(0.5, 0.5, 0.0, 0.3333333333333333, 0.25, 0.75, 0.25, 0.5)
HLAB_independent1_10_HLA-B*54:01:(0.9208955223880597, 0.9208955223880597, 0.8440457878625833, 0.9181043700093859, 0.8865671641791044, 0.9552238805970148, 0.8865671641791044, 0.9523067915690866)
HLAB_independent1_10_HLA-B*35:01:(0.9318886629384849, 0.9319073083778966, 0.8640521724320731, 0.9326941000183651, 0.9423487544483986, 0.9214285714285715, 0.9423487544483986, 0.9232915620286279)
HLAB_independent1_10_HLA-A*02:04:(0.8586956521739131, 0.8586956521739131, 0.717729591052074, 0.8582715892646723, 0.8565217391304347, 0.8608695652173912, 0.8565217391304347, 0.8604365278566923)
HLAB_independent1_10_HLA-B*57:01:(0.9252993708994619, 0.9253112033195021, 0.8512988854362906, 0.9237494351065918, 0.9053380782918149, 0.945260663507109, 0.9053380782918149, 0.9429300557890198)
HLAB_independent1_10_HLA-C*17:01:(0.8409090909090908, 0.8380952380952381, 0.6852870444231398, 0.8332467532467531, 0.7818181818181819, 0.9, 0.7818181818181819, 0.8951515151515151)
HLAB_independent1_10_HLA-A*01:01:(0.9609650791678638, 0.9609852216748769, 0.9220742158006804, 0.9613565949007061, 0.9677799607072691, 0.9541501976284585, 0.9677799607072691, 0.9550423655167413)
HLAB_independent1_10_HLA-A*02:07:(0.94070796460177, 0.94070796460177, 0.8817805131828603, 0.9398923208923209, 0.9274336283185841, 0.9539823008849557, 0.9274336283185841, 0.9527537694968888)
HLAB_independent1_10_HLA-B*53:01:(0.9626016260162602, 0.9626016260162602, 0.9253248576738192, 0.962638622568887, 0.9642276422764228, 0.9609756097560975, 0.9642276422764228, 0.9611764265108089)
HLAB_independent1_10_HLA-A*66:01:(0.9666666666666666, 0.9666666666666666, 0.9355701313739806, 0.9678288958104609, 1.0, 0.9333333333333333, 1.0, 0.9378142923023962)
HLAB_independent1_10_HLA-B*07:02:(0.9570007189002293, 0.9569976544175137, 0.9140143995686479, 0.9570371136872687, 0.9556942277691108, 0.958307210031348, 0.9556942277691108, 0.9583999547976767)
HLAB_independent1_10_HLA-B*27:08:(0.9738317757009345, 0.9738317757009346, 0.9487909608225562, 0.9744541303445413, 0.9981308411214954, 0.9495327102803739, 0.9981308411214954, 0.9518805309734514)
HLAB_independent1_10_HLA-B*57:03:(0.9554306894580155, 0.9554160125588698, 0.9110128446503065, 0.9550699174659136, 0.9460815047021944, 0.9647798742138365, 0.9460815047021944, 0.9642487281289714)
HLAB_independent1_10_HLA-A*11:01:(0.9436412967160825, 0.9436262866191608, 0.887918310168495, 0.9446338847484743, 0.9625990491283677, 0.9246835443037975, 0.9625990491283677, 0.9273469216000428)
HLAB_independent1_10_HLA-B*15:03:(0.9444444444444444, 0.9444444444444444, 0.8932367736206928, 0.94705432941781, 0.9933333333333334, 0.8955555555555555, 0.9933333333333334, 0.9049559895185816)
HLAB_independent1_10_HLA-C*15:02:(0.9365853658536585, 0.9365853658536585, 0.8734758369650107, 0.9365721422274463, 0.9365853658536585, 0.9365853658536585, 0.9365853658536585, 0.9368980612883053)
HLAB_independent1_10_HLA-A*33:01:(0.9267441860465115, 0.9267441860465115, 0.8598736205356918, 0.9309321775620563, 0.9872093023255815, 0.8662790697674417, 0.9872093023255815, 0.8807855792519692)
HLAB_independent1_10_HLA-C*07:02:(0.925, 0.925, 0.8528774301392789, 0.9279300694068958, 0.965625, 0.884375, 0.965625, 0.8931177688466689)
HLAB_independent1_10_HLA-B*35:08:(0.925531914893617, 0.925531914893617, 0.8529986555230907, 0.9279522024367386, 0.9574468085106383, 0.8936170212765957, 0.9574468085106383, 0.9004238618524333)
HLAB_independent1_10_HLA-A*24:06:(0.9800000000000001, 0.9800000000000001, 0.9609517849690736, 0.9804878048780488, 1.0, 0.96, 1.0, 0.9619047619047618)
HLAB_independent1_10_HLA-C*14:02:(0.9797468354430381, 0.9797468354430379, 0.9601969659318916, 0.9801388870803691, 0.9974683544303797, 0.9620253164556962, 0.9974683544303797, 0.9634984109881259)
HLAB_independent1_10_HLA-B*27:05:(0.8211986819759286, 0.8211600429645542, 0.6425746063807773, 0.8194738811679423, 0.8092077087794433, 0.8331896551724138, 0.8092077087794433, 0.8300390206704803)
HLAB_independent1_10_HLA-B*73:01:(0.9888888888888889, 0.9888888888888889, 0.9788854381999832, 0.9894736842105264, 1.0, 0.9777777777777779, 1.0, 0.9800000000000001)
HLAB_independent1_10_HLA-B*27:02:(0.9612903225806454, 0.9612903225806452, 0.9229489714282245, 0.9618232573111516, 0.9752688172043011, 0.9473118279569892, 0.9752688172043011, 0.948750574079177)
HLAB_independent1_10_HLA-A*32:01:(0.9171232876712327, 0.9171232876712327, 0.8345769525407905, 0.9163082771140934, 0.9068493150684931, 0.9273972602739725, 0.9068493150684931, 0.9261409341567592)
HLAB_independent1_10_HLA-B*15:11:(1.0, 1.0, 1.0, 1.0, 1.0, 1.0, 1.0, 1.0)
HLAB_independent1_10_HLA-A*02:11:(0.8823529411764707, 0.8823529411764707, 0.7723376743176745, 0.8895871452154953, 0.9470588235294117, 0.8176470588235294, 0.9470588235294117, 0.8396664738770001)
HLAB_independent1_10_HLA-B*40:02:(0.9749789748835095, 0.9749702026221693, 0.9500528738151427, 0.975126525389023, 0.9823389021479713, 0.9676190476190476, 0.9823389021479713, 0.9680271935334772)
HLAB_independent1_10_HLA-C*03:04:(0.9515151515151514, 0.9515151515151515, 0.9034828775943637, 0.9519191883176614, 0.9595959595959596, 0.9434343434343434, 0.9595959595959596, 0.9447023505434664)
HLAB_independent1_10_HLA-B*49:01:(0.9711340206185568, 0.9711340206185566, 0.9424334810288688, 0.9708658008658009, 0.9618556701030927, 0.9804123711340207, 0.9618556701030927, 0.9800496004408927)
HLAB_independent1_10_HLA-B*15:17:(0.9592592592592594, 0.9592592592592594, 0.9199151706833184, 0.9586119540836522, 0.9407407407407407, 0.9777777777777779, 0.9407407407407407, 0.9780219780219781)
HLAB_independent1_10_HLA-B*44:27:(0.9642857142857144, 0.9642857142857144, 0.9317746825076455, 0.965977011494253, 1.0, 0.9285714285714286, 1.0, 0.9350000000000002)
HLAB_independent1_10_HLA-A*02:06:(0.9134920634920635, 0.9134920634920635, 0.8276144613510503, 0.9150184889471319, 0.9317460317460317, 0.8952380952380953, 0.9317460317460317, 0.8989542061702943)
HLAB_independent1_10_HLA-C*01:02:(0.9227722772277227, 0.9227722772277229, 0.8469677446957004, 0.9248100261939074, 0.9504950495049505, 0.8950495049504952, 0.9504950495049505, 0.9005786911009684)
HLAB_independent1_10_HLA-B*35:03:(0.9548387096774194, 0.9548387096774194, 0.9103908605242307, 0.953962877658854, 0.9354838709677418, 0.9741935483870968, 0.9354838709677418, 0.9732203389830509)
HLAB_independent1_10_HLA-B*27:03:(0.9, 0.9, 0.8106466912844906, 0.9076276797344697, 0.9791666666666666, 0.8208333333333334, 0.9791666666666666, 0.8462709537162505)
HLAB_independent1_10_HLA-C*07:04:(0.9342857142857144, 0.9342857142857144, 0.8687814697132407, 0.9348893360160965, 0.9428571428571428, 0.9257142857142856, 0.9428571428571428, 0.927142857142857)
HLAB_independent1_10_HLA-B*27:09:(0.9289592760180996, 0.9289592760180996, 0.8581418826041572, 0.9297517652740815, 0.9402714932126697, 0.9176470588235295, 0.9402714932126697, 0.9194683681381275)
HLAB_independent1_10_HLA-B*08:01:(0.8759615384615385, 0.8759615384615385, 0.7521095924838116, 0.8753123559163468, 0.8711538461538462, 0.8807692307692306, 0.8711538461538462, 0.8796901913540361)
HLAB_independent1_10_HLA-C*03:03:(0.8722222222222221, 0.8722222222222221, 0.7460818225230698, 0.8679736128613433, 0.8400000000000001, 0.9044444444444444, 0.8400000000000001, 0.8979909944692569)
HLAB_independent1_10_HLA-C*16:01:(0.9102941176470589, 0.9102941176470587, 0.822351175375086, 0.9075103720798732, 0.8823529411764705, 0.9382352941176471, 0.8823529411764705, 0.9348122774107605)
HLAB_independent1_10_HLA-A*30:02:(0.9616279069767442, 0.9616279069767442, 0.9232870245901008, 0.9614920468391354, 0.9581395348837211, 0.9651162790697674, 0.9581395348837211, 0.9648774009807921)
HLAB_independent1_10_HLA-B*37:01:(0.9689655172413794, 0.9689655172413794, 0.939308908998162, 0.9681160465847295, 0.9425287356321839, 0.9954022988505746, 0.9425287356321839, 0.9952094090648307)
HLAB_independent1_10_HLA-A*24:02:(0.9638121546961326, 0.9638121546961326, 0.9276915960105073, 0.9639608088656818, 0.9679558011049725, 0.9596685082872929, 0.9679558011049725, 0.9600345551030482)
HLAB_independent1_10_HLA-A*26:01:(0.9460176991150444, 0.9460176991150444, 0.8923639769749505, 0.9452910469726614, 0.9327433628318584, 0.95929203539823, 0.9327433628318584, 0.9581969959951611)
HLAB_independent1_10_HLA-A*02:17:(0.99, 0.99, 0.9803224909896109, 0.9901639344262296, 1.0, 0.9800000000000001, 1.0, 0.9806451612903226)
HLAB_independent1_10_HLA-A*24:13:(0.7000000000000001, 0.7, 0.408248290463863, 0.7272727272727272, 0.8, 0.6, 0.8, 0.6666666666666666)
HLAB_independent1_10_HLA-C*04:01:(0.8989782157676348, 0.898960498960499, 0.7981069279183926, 0.8982620460964608, 0.8904564315352698, 0.9075, 0.8904564315352698, 0.9062753595155091)
HLAB_independent1_11_HLA-C*03:03:(0.959375, 0.959375, 0.9197502721993182, 0.9585253456221198, 0.9375, 0.98125, 0.9375, 0.9806451612903226)
HLAB_independent1_11_HLA-C*16:01:(0.8791666666666668, 0.8791666666666667, 0.7620069245913776, 0.8735944084695241, 0.8333333333333334, 0.925, 0.8333333333333334, 0.9185017880670054)
HLAB_independent1_11_HLA-A*30:02:(0.9673684210526314, 0.9673684210526317, 0.9349954298147205, 0.9677461139896373, 0.9789473684210528, 0.9557894736842105, 0.9789473684210528, 0.9568062276456976)
HLAB_independent1_11_HLA-A*02:03:(0.7925925925925925, 0.7925925925925925, 0.5882988678451877, 0.7828272859216254, 0.7481481481481481, 0.837037037037037, 0.7481481481481481, 0.8222073578595319)
HLAB_independent1_11_HLA-A*24:02:(0.9691919191919192, 0.9691919191919192, 0.9384532274961582, 0.969332346398202, 0.9737373737373737, 0.9646464646464645, 0.9737373737373737, 0.9649977967946048)
HLAB_independent1_11_HLA-A*26:01:(0.935483870967742, 0.9354838709677418, 0.8709677419354838, 0.9354838709677418, 0.9354838709677418, 0.9354838709677418, 0.9354838709677418, 0.9354838709677418)
HLAB_independent1_11_HLA-A*24:13:(0.7857142857142858, 0.7857142857142857, 0.5773502691896257, 0.7999999999999999, 0.8571428571428571, 0.7142857142857143, 0.8571428571428571, 0.75)
HLAB_independent1_11_HLA-C*04:01:(0.7787878787878787, 0.7787878787878787, 0.5777164223483984, 0.7452613183505632, 0.6484848484848484, 0.909090909090909, 0.6484848484848484, 0.8770624916633321)
HLAB_independent1_11_HLA-B*27:01:(0.9629310344827587, 0.9629310344827585, 0.9267637250905432, 0.9637194237952421, 0.9844827586206897, 0.9413793103448276, 0.9844827586206897, 0.9438513740509306)
HLAB_independent1_11_HLA-C*07:01:(0.8804347826086957, 0.8804347826086957, 0.7614081399171219, 0.8816925709623001, 0.8913043478260869, 0.8695652173913043, 0.8913043478260869, 0.8726761302732624)
HLAB_independent1_11_HLA-B*39:06:(0.9583333333333333, 0.9583333333333334, 0.9198662110077999, 0.9600000000000002, 1.0, 0.9166666666666666, 1.0, 0.9230769230769231)
HLAB_independent1_11_HLA-A*69:01:(1.0, 1.0, 1.0, 1.0, 1.0, 1.0, 1.0, 1.0)
HLAB_independent1_11_HLA-A*30:01:(0.8636363636363636, 0.8636363636363636, 0.7277299269459017, 0.8639105608322026, 0.8666666666666666, 0.8606060606060606, 0.8666666666666666, 0.8617158300270255)
HLAB_independent1_11_HLA-B*18:01:(0.7666666666666666, 0.7666666666666666, 0.5452040510837681, 0.733939393939394, 0.6666666666666667, 0.8666666666666668, 0.6666666666666667, 0.8266666666666665)
HLAB_independent1_11_HLA-B*38:01:(0.9546875, 0.9546875, 0.9106922606969219, 0.9534709677419354, 0.928125, 0.98125, 0.928125, 0.9802732240437159)
HLAB_independent1_11_HLA-B*58:01:(0.944805194805195, 0.9448051948051948, 0.8911334868999751, 0.9431438127090301, 0.9155844155844155, 0.974025974025974, 0.9155844155844155, 0.9724137931034482)
HLAB_independent1_11_HLA-C*05:01:(0.9367647058823529, 0.9367647058823529, 0.8738511435426435, 0.9359203980099503, 0.9235294117647059, 0.95, 0.9235294117647059, 0.948665762098598)
HLAB_independent1_11_HLA-B*27:04:(0.9807692307692308, 0.9807692307692306, 0.9622504486493761, 0.980392156862745, 0.9615384615384615, 1.0, 0.9615384615384615, 1.0)
HLAB_independent1_11_HLA-B*52:01:(1.0, 1.0, 1.0, 1.0, 1.0, 1.0, 1.0, 1.0)
HLAB_independent1_11_HLA-B*41:01:(1.0, 1.0, 1.0, 1.0, 1.0, 1.0, 1.0, 1.0)
HLAB_independent1_11_HLA-A*31:01:(0.9296296296296298, 0.9296296296296298, 0.8624482137818956, 0.932536874904541, 0.9722222222222221, 0.8870370370370371, 0.9722222222222221, 0.8960197445567422)
HLAB_independent1_11_HLA-B*27:06:(0.992, 0.992, 0.9845916413981793, 0.9923076923076923, 1.0, 0.984, 1.0, 0.9851851851851852)
HLAB_independent1_11_HLA-C*08:02:(0.9400000000000001, 0.9400000000000001, 0.880816075430815, 0.9412290841463353, 0.96, 0.9199999999999999, 0.96, 0.9232924761023744)
HLAB_independent1_11_HLA-B*15:02:(0.8975, 0.8975, 0.8079542200428518, 0.8877117117117118, 0.8099999999999999, 0.985, 0.8099999999999999, 0.9826890756302522)
HLAB_independent1_11_HLA-B*27:07:(0.9721311475409836, 0.9721311475409836, 0.9451545347316866, 0.9726967741935484, 0.9934426229508198, 0.9508196721311475, 0.9934426229508198, 0.9528273809523811)
HLAB_independent1_11_HLA-A*68:02:(0.8628205128205128, 0.8628205128205128, 0.7262683475610351, 0.8600867084710405, 0.8435897435897435, 0.8820512820512821, 0.8435897435897435, 0.8773684397793986)
HLAB_independent1_11_HLA-B*45:01:(0.9261904761904762, 0.9261904761904762, 0.852428213594625, 0.9259896729776249, 0.9238095238095239, 0.9285714285714286, 0.9238095238095239, 0.9282229965156796)
HLAB_independent1_11_HLA-A*23:01:(0.95875, 0.95875, 0.9190609422970202, 0.959925377786089, 0.9875, 0.93, 0.9875, 0.9338889974594491)
HLAB_independent1_11_HLA-B*13:02:(0.9619047619047618, 0.9619047619047618, 0.9242421785553798, 0.9616724738675959, 0.9523809523809523, 0.9714285714285715, 0.9523809523809523, 0.9714285714285715)
HLAB_independent1_11_HLA-B*51:01:(0.9600163627863487, 0.96, 0.9202670595017552, 0.9598767254554124, 0.9630434782608696, 0.956989247311828, 0.9630434782608696, 0.9569853270893974)
HLAB_independent1_11_HLA-C*12:03:(0.95, 0.95, 0.9014267446079005, 0.9507389162561577, 0.9714285714285715, 0.9285714285714286, 0.9714285714285715, 0.9314285714285715)
HLAB_independent1_11_HLA-B*14:02:(0.9, 0.9, 0.816496580927726, 0.888888888888889, 0.8, 1.0, 0.8, 1.0)
HLAB_independent1_11_HLA-A*68:01:(0.9554347826086957, 0.9554347826086957, 0.9129713786670649, 0.9569023197901677, 0.9891304347826086, 0.9217391304347826, 0.9891304347826086, 0.9267342050847205)
HLAB_independent1_11_HLA-C*02:02:(0.8931034482758621, 0.8931034482758621, 0.7874411000250572, 0.8905842191686112, 0.8689655172413792, 0.9172413793103449, 0.8689655172413792, 0.9136836343732895)
HLAB_independent1_11_HLA-A*02:01:(0.9129632363797431, 0.9129682997118156, 0.8260239187600336, 0.9135019395633744, 0.9182341650671786, 0.9076923076923077, 0.9182341650671786, 0.9088664489553071)
HLAB_independent1_11_HLA-B*46:01:(0.82, 0.82, 0.653770495365705, 0.8002402402402403, 0.7200000000000001, 0.9200000000000002, 0.7200000000000001, 0.9013725490196078)
HLAB_independent1_11_HLA-C*15:02:(0.9105263157894736, 0.9105263157894736, 0.8252740379095307, 0.9056628056628057, 0.8631578947368421, 0.9578947368421051, 0.8631578947368421, 0.953513071895425)
HLAB_independent1_11_HLA-A*25:01:(0.976923076923077, 0.976923076923077, 0.9554920598635309, 0.9777777777777779, 1.0, 0.9538461538461538, 1.0, 0.9571428571428571)
HLAB_independent1_11_HLA-A*33:01:(0.9442857142857143, 0.9442857142857143, 0.8899621939575235, 0.9458021693378663, 0.9714285714285713, 0.917142857142857, 0.9714285714285713, 0.9215735735735736)
HLAB_independent1_11_HLA-A*29:02:(0.9532710280373833, 0.9532710280373833, 0.9068748494584102, 0.9526509199763247, 0.9401869158878504, 0.9663551401869158, 0.9401869158878504, 0.9654751235819198)
HLAB_independent1_11_HLA-A*02:05:(0.9407407407407409, 0.9407407407407407, 0.8827602292884681, 0.939189301264773, 0.9148148148148149, 0.9666666666666666, 0.9148148148148149, 0.9650045248868778)
HLAB_independent1_11_HLA-B*44:03:(0.9756756756756756, 0.9756756756756756, 0.9515771151477711, 0.9759375696767002, 0.9864864864864865, 0.9648648648648649, 0.9864864864864865, 0.9656151969327291)
HLAB_independent1_11_HLA-B*39:01:(0.9799999999999999, 0.9800000000000001, 0.9608553021257441, 0.9804381846635367, 1.0, 0.96, 1.0, 0.9617117117117117)
HLAB_independent1_11_HLA-C*06:02:(0.8282051282051281, 0.8282051282051283, 0.6568603449140389, 0.8265891070954362, 0.8205128205128205, 0.8358974358974359, 0.8205128205128205, 0.8332860998650473)
HLAB_independent1_11_HLA-B*73:01:(1.0, 1.0, 1.0, 1.0, 1.0, 1.0, 1.0, 1.0)
HLAB_independent1_11_HLA-B*51:08:(1.0, 1.0, 1.0, 1.0, 1.0, 1.0, 1.0, 1.0)
HLAB_independent1_11_HLA-B*54:01:(0.95, 0.95, 0.902512159910204, 0.9480943738656988, 0.9133333333333333, 0.9866666666666667, 0.9133333333333333, 0.9857142857142858)
HLAB_independent1_11_HLA-B*35:01:(0.917829457364341, 0.9178294573643411, 0.8358281591647658, 0.9184697951520835, 0.9255813953488372, 0.9100775193798449, 0.9255813953488372, 0.9115393508634299)
HLAB_independent1_11_HLA-A*02:04:(0.8919999999999998, 0.892, 0.7883572251117981, 0.8860423665546847, 0.8400000000000001, 0.944, 0.8400000000000001, 0.9375625823451911)
HLAB_independent1_11_HLA-B*57:01:(0.9252304533534753, 0.9251664447403464, 0.8513529077674326, 0.9235166125889238, 0.9011952191235059, 0.9492656875834445, 0.9011952191235059, 0.9469735684255014)
HLAB_independent1_11_HLA-C*17:01:(0.7714285714285716, 0.7714285714285714, 0.5513229344516921, 0.7487179487179486, 0.6857142857142857, 0.8571428571428571, 0.6857142857142857, 0.8266666666666668)
HLAB_independent1_11_HLA-B*27:03:(0.9282051282051281, 0.9282051282051281, 0.8660709488807875, 0.9334642426488365, 1.0, 0.8564102564102564, 1.0, 0.8758967582804791)
HLAB_independent1_11_HLA-A*01:01:(0.9593696558547098, 0.9593984962406015, 0.9189285132956547, 0.959857505536999, 0.9670411985018728, 0.9516981132075472, 0.9670411985018728, 0.9528134427750606)
HLAB_independent1_11_HLA-A*02:07:(0.918888888888889, 0.9188888888888889, 0.8384810311923028, 0.9173815055635661, 0.9, 0.9377777777777778, 0.9, 0.9355651853217776)
HLAB_independent1_11_HLA-B*53:01:(0.9485714285714286, 0.9485714285714286, 0.8977268377785013, 0.9489623732734571, 0.9542857142857143, 0.9428571428571428, 0.9542857142857143, 0.9442413001236531)
HLAB_independent1_11_HLA-A*66:01:(0.9703703703703704, 0.9703703703703704, 0.9427552433726939, 0.9714217361585782, 1.0, 0.9407407407407407, 1.0, 0.9447783251231527)
HLAB_independent1_11_HLA-B*07:02:(0.9384811714003108, 0.9384843982169391, 0.8770473813994013, 0.938709795956729, 0.9406528189910979, 0.9363095238095237, 0.9406528189910979, 0.9368504426013529)
HLAB_independent1_11_HLA-B*27:08:(0.9813333333333334, 0.9813333333333333, 0.9627349424369042, 0.981439293598234, 0.9866666666666667, 0.9760000000000002, 0.9866666666666667, 0.976280701754386)
HLAB_independent1_11_HLA-B*57:03:(0.9423236514522821, 0.9423236514522821, 0.8847069506447239, 0.9423846229005154, 0.9435684647302904, 0.9410788381742738, 0.9435684647302904, 0.9412638110737337)
HLAB_independent1_11_HLA-A*11:01:(0.9556363636363635, 0.9556363636363636, 0.9113814343428299, 0.9559524817632294, 0.9629090909090909, 0.9483636363636364, 0.9629090909090909, 0.9491077736491296)
HLAB_independent1_11_HLA-B*15:03:(0.9818181818181818, 0.9818181818181818, 0.9643387897391296, 0.9821773485513609, 1.0, 0.9636363636363636, 1.0, 0.9650420168067226)
HLAB_independent1_11_HLA-C*07:02:(0.8291666666666666, 0.8291666666666668, 0.6613635601005647, 0.8206475485661425, 0.7833333333333333, 0.875, 0.7833333333333333, 0.8622247317899492)
HLAB_independent1_11_HLA-B*37:01:(0.8823529411764707, 0.8823529411764707, 0.7727915630790344, 0.8733870967741935, 0.8117647058823529, 0.9529411764705882, 0.8117647058823529, 0.9457142857142857)
HLAB_independent1_11_HLA-B*35:08:(0.9555555555555555, 0.9555555555555555, 0.9113552275528841, 0.955959595959596, 0.962962962962963, 0.9481481481481481, 0.962962962962963, 0.9492063492063492)
HLAB_independent1_11_HLA-A*24:06:(0.9052631578947368, 0.9052631578947368, 0.8118759279763266, 0.9032400821874506, 0.8842105263157896, 0.9263157894736841, 0.8842105263157896, 0.9239078087375301)
HLAB_independent1_11_HLA-C*14:02:(0.9, 0.9, 0.816496580927726, 0.909090909090909, 1.0, 0.8, 1.0, 0.8333333333333334)
HLAB_independent1_11_HLA-B*27:05:(0.7992419894787183, 0.7991850040749796, 0.5992284356610169, 0.7947692035780815, 0.7759349593495934, 0.8225490196078431, 0.7759349593495934, 0.8147489622020696)
HLAB_independent1_11_HLA-B*27:02:(0.9866666666666667, 0.9866666666666667, 0.9733604180773385, 0.9866456593575119, 0.985, 0.9883333333333333, 0.985, 0.988318864735977)
HLAB_independent1_11_HLA-A*32:01:(0.9638554216867469, 0.9638554216867469, 0.9277377794122439, 0.963869413418508, 0.9638554216867469, 0.9638554216867469, 0.9638554216867469, 0.9639113947077508)
HLAB_independent1_11_HLA-B*15:11:(1.0, 1.0, 1.0, 1.0, 1.0, 1.0, 1.0, 1.0)
HLAB_independent1_11_HLA-A*02:11:(0.928888888888889, 0.928888888888889, 0.8587104008726202, 0.9304311863919157, 0.9511111111111111, 0.9066666666666666, 0.9511111111111111, 0.9107115325316066)
HLAB_independent1_11_HLA-B*40:02:(0.9588235294117646, 0.9588235294117646, 0.9181731281472976, 0.9595001135001796, 0.9752941176470588, 0.9423529411764706, 0.9752941176470588, 0.9442369614113124)
HLAB_independent1_11_HLA-B*44:02:(0.9592783505154638, 0.9592783505154638, 0.9195114591504042, 0.9583463058089094, 0.9371134020618557, 0.9814432989690722, 0.9371134020618557, 0.9806251181071268)
HLAB_independent1_11_HLA-C*03:04:(0.9285714285714286, 0.9285714285714286, 0.8604254008662128, 0.9252773565328438, 0.8857142857142858, 0.9714285714285713, 0.8857142857142858, 0.9687377810361681)
HLAB_independent1_11_HLA-A*02:02:(0.941860465116279, 0.9418604651162792, 0.8842473497837148, 0.9408963585434172, 0.9255813953488372, 0.9581395348837208, 0.9255813953488372, 0.9567944250871081)
HLAB_independent1_11_HLA-B*40:01:(0.983734939759036, 0.983734939759036, 0.9676769123780641, 0.9839019189765459, 0.993975903614458, 0.9734939759036145, 0.993975903614458, 0.9740341106856943)
HLAB_independent1_11_HLA-B*49:01:(0.9673469387755101, 0.9673469387755101, 0.9350035127497831, 0.9669243986254296, 0.9551020408163264, 0.9795918367346939, 0.9551020408163264, 0.9790780141843971)
HLAB_independent1_11_HLA-B*15:17:(0.976190476190476, 0.976190476190476, 0.9534625892455925, 0.9767441860465118, 1.0, 0.9523809523809523, 1.0, 0.9545454545454547)
HLAB_independent1_11_HLA-B*44:27:(0.9545454545454547, 0.9545454545454547, 0.9128709291752768, 0.9523809523809523, 0.909090909090909, 1.0, 0.909090909090909, 1.0)
HLAB_independent1_11_HLA-B*39:24:(1.0, 1.0, 1.0, 1.0, 1.0, 1.0, 1.0, 1.0)
HLAB_independent1_11_HLA-A*02:06:(0.9074074074074074, 0.9074074074074074, 0.8291561975888498, 0.9152542372881356, 1.0, 0.8148148148148147, 1.0, 0.84375)
HLAB_independent1_11_HLA-B*56:01:(0.9816326530612246, 0.9816326530612246, 0.9633860418464406, 0.9816524172930654, 0.9795918367346939, 0.9836734693877551, 0.9795918367346939, 0.9838367346938777)
HLAB_independent1_11_HLA-C*01:02:(0.8413043478260868, 0.8413043478260871, 0.6846478443253943, 0.8351722181129387, 0.8043478260869567, 0.8782608695652174, 0.8043478260869567, 0.8687135515269379)
HLAB_independent1_11_HLA-B*35:03:(0.9891891891891891, 0.9891891891891891, 0.9785205999030191, 0.9891882019005307, 0.9891891891891891, 0.9891891891891891, 0.9891891891891891, 0.9893314366998578)
HLAB_independent1_11_HLA-B*18:03:(1.0, 1.0, 1.0, 1.0, 1.0, 1.0, 1.0, 1.0)
HLAB_independent1_11_HLA-C*07:04:(0.8, 0.8, 0.6, 1.0, 0.6, 1.0, 0.6, 1.0)
HLAB_independent1_11_HLA-A*03:01:(0.952322998164783, 0.9523341523341523, 0.9047516185621923, 0.9520168426219057, 0.9477832512315271, 0.9568627450980391, 0.9477832512315271, 0.9563426644601603)
HLAB_independent1_11_HLA-B*27:09:(0.9253521126760564, 0.9253521126760564, 0.8515841844448143, 0.9236883116883116, 0.904225352112676, 0.9464788732394366, 0.904225352112676, 0.9441647597254004)
HLAB_independent1_11_HLA-B*15:01:(0.9666666666666668, 0.9666666666666666, 0.9334864507385928, 0.9663734322282445, 0.958119658119658, 0.9752136752136751, 0.958119658119658, 0.9747892501229739)
HLAB_independent1_11_HLA-B*08:01:(0.9122448979591837, 0.9122448979591837, 0.8261494924868, 0.9132540792540791, 0.9224489795918368, 0.9020408163265307, 0.9224489795918368, 0.9057693328782189)
HLAB_independent1_11_HLA-B*50:01:(0.8785714285714284, 0.8785714285714284, 0.7575452722886753, 0.8777777777777777, 0.8714285714285713, 0.8857142857142856, 0.8714285714285713, 0.8846153846153845)
HLAB_independent1_12_HLA-C*02:02:(0.95, 0.95, 0.9154700538379252, 0.96, 1.0, 0.9, 1.0, 0.9333333333333333)
HLAB_independent1_12_HLA-A*02:03:(0.7222222222222223, 0.7222222222222222, 0.447213595499958, 0.7368421052631577, 0.7777777777777778, 0.6666666666666666, 0.7777777777777778, 0.7)
HLAB_independent1_12_HLA-A*02:01:(0.8964385325037545, 0.8964059196617337, 0.793256889250581, 0.894998814063022, 0.8810126582278481, 0.9118644067796609, 0.8810126582278481, 0.9094882126036549)
HLAB_independent1_12_HLA-B*46:01:(0.7571428571428571, 0.7571428571428571, 0.5178387329423468, 0.7472527472527473, 0.7142857142857143, 0.8, 0.7142857142857143, 0.7857142857142858)
HLAB_independent1_12_HLA-A*25:01:(1.0, 1.0, 1.0, 1.0, 1.0, 1.0, 1.0, 1.0)
HLAB_independent1_12_HLA-A*33:01:(0.9461538461538461, 0.9461538461538461, 0.8980315952946011, 0.9492063492063492, 1.0, 0.8923076923076924, 1.0, 0.9038095238095238)
HLAB_independent1_12_HLA-A*29:02:(0.9487179487179487, 0.9487179487179487, 0.8992121241727995, 0.9470877192982456, 0.917948717948718, 0.9794871794871796, 0.917948717948718, 0.9782282282282283)
HLAB_independent1_12_HLA-A*02:05:(0.85, 0.85, 0.7023641842790366, 0.8484848484848484, 0.8333333333333334, 0.8666666666666666, 0.8333333333333334, 0.8666666666666666)
HLAB_independent1_12_HLA-B*44:03:(0.9558139534883722, 0.9558139534883722, 0.9116782374285315, 0.9557318741450069, 0.9534883720930234, 0.9581395348837211, 0.9534883720930234, 0.958028792912514)
HLAB_independent1_12_HLA-B*39:01:(1.0, 1.0, 1.0, 1.0, 1.0, 1.0, 1.0, 1.0)
HLAB_independent1_12_HLA-C*06:02:(0.7714285714285714, 0.7714285714285715, 0.544322898207767, 0.7748036758563075, 0.7857142857142856, 0.7571428571428571, 0.7857142857142856, 0.7658795945433876)
HLAB_independent1_12_HLA-B*18:01:(0.9, 0.9, 0.8309401076758502, 0.8666666666666666, 0.8, 1.0, 0.8, 1.0)
HLAB_independent1_12_HLA-B*73:01:(1.0, 1.0, 1.0, 1.0, 1.0, 1.0, 1.0, 1.0)
HLAB_independent1_12_HLA-B*51:08:(1.0, 1.0, 1.0, 1.0, 1.0, 1.0, 1.0, 1.0)
HLAB_independent1_12_HLA-B*54:01:(1.0, 1.0, 1.0, 1.0, 1.0, 1.0, 1.0, 1.0)
HLAB_independent1_12_HLA-B*35:01:(0.8567567567567569, 0.8567567567567569, 0.7162801560228661, 0.8626269639753984, 0.8972972972972973, 0.8162162162162161, 0.8972972972972973, 0.8310334466560396)
HLAB_independent1_12_HLA-A*02:04:(0.8555555555555554, 0.8555555555555555, 0.7208606246483954, 0.844967320261438, 0.7999999999999999, 0.9111111111111111, 0.7999999999999999, 0.9055555555555556)
HLAB_independent1_12_HLA-B*57:01:(0.904494382022472, 0.904494382022472, 0.8118123487782881, 0.9004572885428217, 0.8640449438202248, 0.944943820224719, 0.8640449438202248, 0.9403007803301173)
HLAB_independent1_12_HLA-C*17:01:(nan, 1.0, 0.0, nan, nan, 1.0, nan, nan)
HLAB_independent1_12_HLA-B*27:03:(0.8533333333333333, 0.8533333333333333, 0.73974056694801, 0.87257448433919, 1.0, 0.7066666666666667, 1.0, 0.774561403508772)
HLAB_independent1_12_HLA-A*01:01:(0.9538043478260869, 0.9538043478260869, 0.9076326963011185, 0.9539351440517931, 0.9565217391304348, 0.951086956521739, 0.9565217391304348, 0.9513735895783583)
HLAB_independent1_12_HLA-A*02:07:(0.85, 0.85, 0.7337993857053428, 0.8235294117647058, 0.7, 1.0, 0.7, 1.0)
HLAB_independent1_12_HLA-B*53:01:(0.9083333333333334, 0.9083333333333332, 0.8318736117895599, 0.9167863247863248, 1.0, 0.8166666666666668, 1.0, 0.8474725274725274)
HLAB_independent1_12_HLA-A*66:01:(0.95, 0.95, 0.9042061229322034, 0.9482539682539682, 0.9400000000000001, 0.96, 0.9400000000000001, 0.9618181818181817)
HLAB_independent1_12_HLA-B*07:02:(0.926950354609929, 0.926950354609929, 0.854059374586452, 0.9268906183549298, 0.926241134751773, 0.9276595744680851, 0.926241134751773, 0.9277146634176148)
HLAB_independent1_12_HLA-B*27:08:(0.9424242424242426, 0.9424242424242426, 0.8870409876753282, 0.9403724053724053, 0.9090909090909092, 0.9757575757575758, 0.9090909090909092, 0.9741801075268818)
HLAB_independent1_12_HLA-B*57:03:(0.9185185185185185, 0.9185185185185185, 0.8404549723729385, 0.9147468845641319, 0.874074074074074, 0.962962962962963, 0.874074074074074, 0.9595068027210883)
HLAB_independent1_12_HLA-A*11:01:(0.9303797468354432, 0.9303797468354432, 0.8608848941800492, 0.9307996974763156, 0.9367088607594937, 0.9240506329113923, 0.9367088607594937, 0.9250222691045475)
HLAB_independent1_12_HLA-B*15:03:(1.0, 1.0, 1.0, 1.0, 1.0, 1.0, 1.0, 1.0)
HLAB_independent1_12_HLA-C*15:02:(0.7200000000000001, 0.7200000000000001, 0.4575293665126859, 0.6833333333333332, 0.6, 0.8400000000000001, 0.6, 0.8)
HLAB_independent1_12_HLA-C*07:02:(0.8875, 0.8875, 0.7763834207376393, 0.8882352941176471, 0.9, 0.875, 0.9, 0.8777777777777779)
HLAB_independent1_12_HLA-B*35:08:(0.95, 0.95, 0.9154700538379252, 0.9333333333333332, 0.9, 1.0, 0.9, 1.0)
HLAB_independent1_12_HLA-A*24:06:(1.0, 1.0, 1.0, 1.0, 1.0, 1.0, 1.0, 1.0)
HLAB_independent1_12_HLA-C*14:02:(0.925, 0.925, 0.8703893876862219, 0.9377777777777778, 1.0, 0.85, 1.0, 0.8933333333333333)
HLAB_independent1_12_HLA-B*27:05:(0.7924860453626453, 0.7924553275976175, 0.5856997959996443, 0.7894768331557557, 0.7770145310435931, 0.8079575596816977, 0.7770145310435931, 0.8030322997567894)
HLAB_independent1_12_HLA-B*27:02:(0.945, 0.945, 0.8908639116022021, 0.9437635810517166, 0.9233333333333335, 0.9666666666666666, 0.9233333333333335, 0.9651542649727768)
HLAB_independent1_12_HLA-A*32:01:(0.9583333333333333, 0.9583333333333334, 0.9198662110077999, 0.9565217391304348, 0.9166666666666666, 1.0, 0.9166666666666666, 1.0)
HLAB_independent1_12_HLA-B*15:11:(0.6, 0.6, 0.2, 1.0, 0.2, 1.0, 0.2, 1.0)
HLAB_independent1_12_HLA-A*02:11:(0.8454545454545455, 0.8454545454545455, 0.6948808190627469, 0.8379220779220781, 0.8, 0.8909090909090909, 0.8, 0.8814141414141414)
HLAB_independent1_12_HLA-B*40:02:(0.9571428571428571, 0.9571428571428571, 0.9149358809892, 0.956357388316151, 0.9387755102040817, 0.9755102040816327, 0.9387755102040817, 0.974645390070922)
HLAB_independent1_12_HLA-C*03:04:(1.0, 1.0, 1.0, 1.0, 1.0, 1.0, 1.0, 1.0)
HLAB_independent1_12_HLA-A*02:02:(0.8833333333333334, 0.8833333333333334, 0.7724421588272926, 0.878129117259552, 0.8333333333333334, 0.9333333333333332, 0.8333333333333334, 0.9303030303030304)
HLAB_independent1_12_HLA-B*40:01:(0.9479166666666664, 0.9479166666666666, 0.8975881505553808, 0.9494949494949495, 0.9791666666666666, 0.9166666666666666, 0.9791666666666666, 0.9215686274509803)
HLAB_independent1_12_HLA-B*49:01:(0.8571428571428573, 0.8571428571428571, 0.7453559924999299, 0.8333333333333333, 0.7142857142857143, 1.0, 0.7142857142857143, 1.0)
HLAB_independent1_12_HLA-B*15:17:(0.9857142857142858, 0.9857142857142858, 0.9732050807568878, 0.9866666666666667, 1.0, 0.9714285714285715, 1.0, 0.975)
HLAB_independent1_12_HLA-B*44:27:(1.0, 1.0, 1.0, 1.0, 1.0, 1.0, 1.0, 1.0)
HLAB_independent1_12_HLA-A*02:06:(0.8333333333333334, 0.8333333333333334, 0.7071067811865476, 0.8571428571428571, 1.0, 0.6666666666666666, 1.0, 0.75)
HLAB_independent1_12_HLA-B*56:01:(0.9727272727272727, 0.9727272727272727, 0.9477225575051662, 0.9739130434782608, 1.0, 0.9454545454545455, 1.0, 0.95)
HLAB_independent1_12_HLA-C*01:02:(0.9116279069767442, 0.9116279069767442, 0.8233464087667054, 0.9120021384656509, 0.9162790697674419, 0.9069767441860466, 0.9162790697674419, 0.9078224101479915)
HLAB_independent1_12_HLA-B*35:03:(0.8333333333333333, 0.8333333333333334, 0.7071067811865476, 0.8, 0.6666666666666666, 1.0, 0.6666666666666666, 1.0)
HLAB_independent1_12_HLA-C*07:04:(1.0, 1.0, 1.0, 1.0, 1.0, 1.0, 1.0, 1.0)
HLAB_independent1_12_HLA-A*03:01:(0.9441176470588235, 0.9441176470588235, 0.8883311807303478, 0.9443603019150396, 0.9490196078431372, 0.9392156862745098, 0.9490196078431372, 0.9397992983601208)
HLAB_independent1_12_HLA-B*27:09:(0.8209677419354838, 0.8209677419354839, 0.6432396362486016, 0.8153616200578592, 0.7903225806451613, 0.8516129032258064, 0.7903225806451613, 0.8421597096188748)
HLAB_independent1_12_HLA-B*15:01:(0.9037037037037037, 0.9037037037037037, 0.8122201064878297, 0.8981580510992277, 0.8493827160493828, 0.9580246913580247, 0.8493827160493828, 0.9528919330289194)
HLAB_independent1_12_HLA-B*08:01:(0.8215686274509804, 0.8215686274509804, 0.6454465854922267, 0.8138706654170571, 0.7803921568627451, 0.8627450980392156, 0.7803921568627451, 0.8505434782608695)
HLAB_independent1_12_HLA-B*50:01:(0.8333333333333334, 0.8333333333333334, 0.7071067811865476, 0.8571428571428571, 1.0, 0.6666666666666666, 1.0, 0.75)
HLAB_independent1_12_HLA-C*03:03:(0.8, 0.8, 0.6546536707079772, 0.7499999999999999, 0.6, 1.0, 0.6, 1.0)
HLAB_independent1_12_HLA-C*16:01:(0.725, 0.725, 0.47197966405537406, 0.6720879120879121, 0.575, 0.875, 0.575, 0.818095238095238)
HLAB_independent1_12_HLA-A*30:02:(0.9, 0.9, 0.8040302522073697, 0.8947368421052632, 0.85, 0.95, 0.85, 0.9444444444444444)
HLAB_independent1_12_HLA-B*37:01:(0.8, 0.8, 0.6, 1.0, 0.6, 1.0, 0.6, 1.0)
HLAB_independent1_12_HLA-A*24:02:(0.9257575757575758, 0.9257575757575758, 0.8521177401729843, 0.9244552050189586, 0.909090909090909, 0.9424242424242426, 0.909090909090909, 0.940508783331364)
HLAB_independent1_12_HLA-A*26:01:(0.9583333333333333, 0.9583333333333334, 0.9198662110077999, 0.9600000000000002, 1.0, 0.9166666666666666, 1.0, 0.9230769230769231)
HLAB_independent1_12_HLA-A*24:13:(1.0, 1.0, 1.0, 1.0, 1.0, 1.0, 1.0, 1.0)
HLAB_independent1_12_HLA-C*04:01:(0.7296296296296296, 0.7296296296296296, 0.46360219715177975, 0.710629670736219, 0.6666666666666666, 0.7925925925925925, 0.6666666666666666, 0.762748845357541)
HLAB_independent1_12_HLA-B*27:01:(1.0, 1.0, 1.0, 1.0, 1.0, 1.0, 1.0, 1.0)
HLAB_independent1_12_HLA-C*07:01:(0.8789473684210526, 0.8789473684210526, 0.7603395076170703, 0.8831980958563237, 0.9157894736842106, 0.8421052631578947, 0.9157894736842106, 0.8531735677821896)
HLAB_independent1_12_HLA-B*39:06:(0.9666666666666666, 0.9666666666666668, 0.9414213562373096, 0.96, 0.9333333333333332, 1.0, 0.9333333333333332, 1.0)
HLAB_independent1_12_HLA-A*30:01:(0.9142857142857144, 0.9142857142857144, 0.8356774658846937, 0.9098901098901099, 0.8571428571428571, 0.9714285714285715, 0.8571428571428571, 0.9714285714285715)
HLAB_independent1_12_HLA-B*44:02:(0.9426470588235294, 0.9426470588235294, 0.8878225448692365, 0.9404773816632506, 0.9058823529411765, 0.9794117647058824, 0.9058823529411765, 0.9779761904761906)
HLAB_independent1_12_HLA-B*38:01:(1.0, 1.0, 1.0, 1.0, 1.0, 1.0, 1.0, 1.0)
HLAB_independent1_12_HLA-B*58:01:(0.9148148148148149, 0.9148148148148149, 0.8357514400976431, 0.9094821020563593, 0.8555555555555555, 0.9740740740740742, 0.8555555555555555, 0.9709787234042553)
HLAB_independent1_12_HLA-C*05:01:(0.9444444444444444, 0.9444444444444443, 0.8922364024195124, 0.9429041546688606, 0.9111111111111111, 0.9777777777777779, 0.9111111111111111, 0.9785714285714286)
HLAB_independent1_12_HLA-B*27:04:(0.95, 0.95, 0.9055336829505574, 0.9529411764705882, 1.0, 0.9, 1.0, 0.9111111111111111)
HLAB_independent1_12_HLA-B*52:01:(1.0, 1.0, 1.0, 1.0, 1.0, 1.0, 1.0, 1.0)
HLAB_independent1_12_HLA-B*41:01:(1.0, 1.0, 1.0, 1.0, 1.0, 1.0, 1.0, 1.0)
HLAB_independent1_12_HLA-B*27:06:(0.9, 0.9, 0.816496580927726, 0.888888888888889, 0.8, 1.0, 0.8, 1.0)
HLAB_independent1_12_HLA-A*31:01:(0.9487179487179487, 0.9487179487179487, 0.8974358974358975, 0.9487179487179487, 0.9487179487179487, 0.9487179487179487, 0.9487179487179487, 0.9487179487179487)
HLAB_independent1_12_HLA-C*08:02:(0.9222222222222222, 0.9222222222222222, 0.8477674257110607, 0.9202614379084967, 0.888888888888889, 0.9555555555555555, 0.888888888888889, 0.9555555555555555)
HLAB_independent1_12_HLA-B*15:02:(0.85, 0.85, 0.7167343168843748, 0.8342857142857142, 0.75, 0.95, 0.75, 0.9428571428571428)
HLAB_independent1_12_HLA-B*27:07:(0.9583333333333336, 0.9583333333333334, 0.9169853687404516, 0.9586734693877551, 0.9666666666666668, 0.95, 0.9666666666666668, 0.9510000000000002)
HLAB_independent1_12_HLA-A*68:02:(0.8, 0.8, 0.6002150291584143, 0.8000235086688215, 0.8, 0.8, 0.8, 0.8003394979004735)
HLAB_independent1_12_HLA-B*45:01:(1.0, 1.0, 1.0, 1.0, 1.0, 1.0, 1.0, 1.0)
HLAB_independent1_12_HLA-A*23:01:(0.8733333333333334, 0.8733333333333334, 0.7470234118141212, 0.8726436781609195, 0.8666666666666668, 0.8800000000000001, 0.8666666666666668, 0.8790476190476191)
HLAB_independent1_12_HLA-B*13:02:(1.0, 1.0, 1.0, 1.0, 1.0, 1.0, 1.0, 1.0)
HLAB_independent1_12_HLA-B*51:01:(0.852112676056338, 0.852112676056338, 0.7042974732601863, 0.8515404483639426, 0.8478873239436618, 0.856338028169014, 0.8478873239436618, 0.855281252733794)
HLAB_independent1_12_HLA-B*14:02:(0.725, 0.725, 0.537473109953546, 0.6133333333333333, 0.45, 1.0, 0.45, 1.0)
HLAB_independent1_12_HLA-C*12:03:(0.5, 0.5, 0.0, 0.4, 0.3333333333333333, 0.6666666666666666, 0.3333333333333333, 0.5)
HLAB_independent1_12_HLA-A*68:01:(0.9571428571428573, 0.9571428571428571, 0.914799681207421, 0.9578224904985468, 0.9714285714285713, 0.9428571428571427, 0.9714285714285713, 0.9447361647361646)
HLAB_independent1_9_HLA-A*29:02:(0.9480566343451022, 0.9480519480519481, 0.8961279682694154, 0.9480363828741021, 0.945819397993311, 0.9502938706968933, 0.945819397993311, 0.9502784168968162)
HLAB_independent1_9_HLA-A*02:05:(0.9458438600672652, 0.9458096013018713, 0.894825628219281, 0.9479621315636635, 0.9879478827361563, 0.9037398373983739, 0.9879478827361563, 0.9110996175609468)
HLAB_independent1_9_HLA-B*44:03:(0.974909656847859, 0.9749156355455568, 0.9498886634977077, 0.9750755559713372, 0.9802247191011236, 0.9695945945945945, 0.9802247191011236, 0.9699851271135922)
HLAB_independent1_9_HLA-B*39:01:(0.9562430093750635, 0.9562570462232245, 0.912827128876668, 0.9568391496697706, 0.9686936936936938, 0.9437923250564333, 0.9686936936936938, 0.9453050904050666)
HLAB_independent1_9_HLA-C*06:02:(0.9562467907176874, 0.9562770562770563, 0.9131215576843678, 0.9570987286012332, 0.9737251512532412, 0.9387684301821336, 0.9737251512532412, 0.9410491271882003)
HLAB_independent1_9_HLA-B*73:01:(0.9786407766990293, 0.9786407766990293, 0.9576607095015699, 0.9789287905077378, 0.9922330097087378, 0.9650485436893204, 0.9922330097087378, 0.9660004534347685)
HLAB_independent1_9_HLA-B*15:18:(0.9722222222222221, 0.9722222222222221, 0.9454729696348483, 0.9728586463880582, 0.9953703703703705, 0.9490740740740741, 0.9953703703703705, 0.951357237119347)
HLAB_independent1_9_HLA-B*51:08:(0.9642857142857144, 0.9642857142857142, 0.929855522163591, 0.9651923564098954, 0.9897959183673469, 0.9387755102040817, 0.9897959183673469, 0.9418512059250308)
HLAB_independent1_9_HLA-B*54:01:(0.9491525423728813, 0.9491525423728813, 0.898610203132084, 0.949766729783161, 0.9615819209039547, 0.936723163841808, 0.9615819209039547, 0.9382642474011009)
HLAB_independent1_9_HLA-B*35:01:(0.941691375178535, 0.9417026526835286, 0.883563351850104, 0.9422960291133136, 0.9508317929759704, 0.9325509573810994, 0.9508317929759704, 0.9339276972148122)
HLAB_independent1_9_HLA-A*02:04:(0.9406451612903226, 0.9406451612903226, 0.8813534024972218, 0.9404948813957411, 0.9384946236559142, 0.9427956989247311, 0.9384946236559142, 0.9425636116714692)
HLAB_independent1_9_HLA-B*57:01:(0.9516370561318153, 0.951650692225772, 0.903403717670755, 0.9520996131059004, 0.9593196314670447, 0.9439544807965861, 0.9593196314670447, 0.9449884286081887)
HLAB_independent1_9_HLA-A*80:01:(0.913888888888889, 0.913888888888889, 0.8294845454376553, 0.916535604097248, 0.9444444444444444, 0.8833333333333332, 0.9444444444444444, 0.8903964693438379)
HLAB_independent1_9_HLA-B*45:06:(0.8845070422535212, 0.8845070422535212, 0.7718766109967514, 0.8828229800560689, 0.8732394366197183, 0.895774647887324, 0.8732394366197183, 0.895817632659738)
HLAB_independent1_9_HLA-A*26:02:(0.9244897959183673, 0.9244897959183674, 0.8518007897919082, 0.9214676877506051, 0.8857142857142858, 0.963265306122449, 0.8857142857142858, 0.9605585923994806)
HLAB_independent1_9_HLA-C*17:01:(0.9363906088751289, 0.9363934426229509, 0.8728112787048513, 0.9361464418416426, 0.9355263157894738, 0.9372549019607843, 0.9355263157894738, 0.9367950983809349)
HLAB_independent1_9_HLA-B*27:03:(0.9137254901960784, 0.9137254901960784, 0.8351127083631583, 0.9192534024975011, 0.980392156862745, 0.847058823529412, 0.980392156862745, 0.8655021819700544)
HLAB_independent1_9_HLA-A*01:01:(0.9594736359697362, 0.9594705613874943, 0.9190299464197048, 0.9592126929020945, 0.9527372262773722, 0.9662100456621004, 0.9527372262773722, 0.965781659821791)
HLAB_independent1_9_HLA-A*02:07:(0.9509933774834437, 0.9509933774834437, 0.9022796135165058, 0.951578975172719, 0.9629139072847682, 0.9390728476821192, 0.9629139072847682, 0.940544210446751)
HLAB_independent1_9_HLA-B*53:01:(0.9646153846153845, 0.9646153846153845, 0.9292807962994762, 0.9647218607523887, 0.9673846153846153, 0.9618461538461538, 0.9673846153846153, 0.9621103589663488)
HLAB_independent1_9_HLA-B*48:01:(0.9333333333333332, 0.9333333333333333, 0.8688179488958578, 0.9348258792878854, 0.9583333333333333, 0.9083333333333334, 0.9583333333333333, 0.9134581939799332)
HLAB_independent1_9_HLA-A*66:01:(0.95, 0.95, 0.9003945147750775, 0.9493726004589831, 0.9372340425531915, 0.9627659574468085, 0.9372340425531915, 0.9619417480745545)
HLAB_independent1_9_HLA-B*07:02:(0.9526567893219637, 0.9526856051563619, 0.9054861643660523, 0.9532233901315925, 0.9607040913415794, 0.9446094873023478, 0.9607040913415794, 0.9458675126184556)
HLAB_independent1_9_HLA-B*14:01:(0.905, 0.905, 0.817662858234186, 0.9107218363032317, 0.97, 0.8400000000000001, 0.97, 0.8587615283267457)
HLAB_independent1_9_HLA-B*27:08:(0.9822125872600347, 0.9822454308093995, 0.9648132946384808, 0.98252171315929, 0.9947916666666666, 0.9696335078534031, 0.9947916666666666, 0.9705724529593329)
HLAB_independent1_9_HLA-B*57:03:(0.9459292565947243, 0.9459381739755571, 0.8921530139768314, 0.9466355001719624, 0.9583333333333334, 0.9335251798561153, 0.9583333333333334, 0.9352253911715713)
HLAB_independent1_9_HLA-A*11:01:(0.9371503387239806, 0.9371448614521221, 0.8743195970618365, 0.9371510030474195, 0.9349195241427571, 0.9393811533052039, 0.9349195241427571, 0.9394138536435866)
HLAB_independent1_9_HLA-B*15:03:(0.9422784810126583, 0.9422784810126583, 0.8849755465992908, 0.9431142336255052, 0.9569620253164557, 0.9275949367088607, 0.9569620253164557, 0.9296975067088857)
HLAB_independent1_9_HLA-C*07:02:(0.9519679783651569, 0.9520176082171681, 0.9043982892951771, 0.9528165947286746, 0.9654970760233919, 0.9384388807069219, 0.9654970760233919, 0.9405141267640659)
HLAB_independent1_9_HLA-B*37:01:(0.9730569948186527, 0.9730569948186529, 0.946200747359244, 0.9732292805496648, 0.9795336787564766, 0.9665803108808291, 0.9795336787564766, 0.9670127089373534)
HLAB_independent1_9_HLA-B*35:08:(0.945876288659794, 0.9458762886597938, 0.8921383208426157, 0.9466231457428442, 0.9597938144329896, 0.9319587628865978, 0.9597938144329896, 0.9338487367028975)
HLAB_independent1_9_HLA-A*24:06:(0.9521739130434781, 0.9521739130434781, 0.9072897671486322, 0.9503030303030302, 0.9130434782608695, 0.9913043478260869, 0.9130434782608695, 0.990909090909091)
HLAB_independent1_9_HLA-C*14:02:(0.9793103448275863, 0.9793103448275862, 0.9586542114311459, 0.9793834640151408, 0.9829885057471264, 0.975632183908046, 0.9829885057471264, 0.9758122526019678)
HLAB_independent1_9_HLA-B*27:05:(0.8705562228469205, 0.8704660821412091, 0.7412249499633425, 0.8698586352709224, 0.8590659340659341, 0.882046511627907, 0.8590659340659341, 0.880958369077266)
HLAB_independent1_9_HLA-B*27:02:(0.9816589160890292, 0.9816443594646271, 0.9634051042175267, 0.9817504676837006, 0.9892720306513411, 0.9740458015267175, 0.9892720306513411, 0.974345168237919)
HLAB_independent1_9_HLA-A*32:01:(0.9546462295471543, 0.954659616655651, 0.9100834785087617, 0.9555872989175487, 0.974900924702774, 0.9343915343915343, 0.974900924702774, 0.9370443072371637)
HLAB_independent1_9_HLA-B*15:11:(0.9359788359788359, 0.9359788359788361, 0.8720330191299883, 0.9361285523520086, 0.9386243386243386, 0.9333333333333332, 0.9386243386243386, 0.9337133702211391)
HLAB_independent1_9_HLA-A*02:11:(0.9273062730627307, 0.9273062730627307, 0.8552843750332352, 0.9285880422290831, 0.9453874538745387, 0.9092250922509224, 0.9453874538745387, 0.9124824635177387)
HLAB_independent1_9_HLA-A*32:07:(0.8555555555555555, 0.8555555555555555, 0.7125271648104737, 0.858226647700332, 0.8777777777777777, 0.8333333333333334, 0.8777777777777777, 0.8401754385964912)
HLAB_independent1_9_HLA-B*40:02:(0.9737374594753904, 0.973758865248227, 0.9476400007149047, 0.9740367225548257, 0.9817860300618921, 0.965688888888889, 0.9817860300618921, 0.9664129985599244)
HLAB_independent1_9_HLA-B*44:02:(0.965705351623637, 0.9657298277425204, 0.9314695081374127, 0.9660985886942312, 0.968705035971223, 0.9627056672760512, 0.968705035971223, 0.9635098317397099)
HLAB_independent1_9_HLA-C*03:04:(0.9659134550357471, 0.9659442724458206, 0.9323186416298791, 0.9665119018115755, 0.980844490216272, 0.9509824198552224, 0.980844490216272, 0.9526135775805189)
HLAB_independent1_9_HLA-A*02:02:(0.9242012981113792, 0.9242255758538522, 0.8486262739625626, 0.9251471235106227, 0.9343898573692553, 0.9140127388535031, 0.9343898573692553, 0.9160984392421501)
HLAB_independent1_9_HLA-B*40:01:(0.956907199226318, 0.9568824638592079, 0.9140932367556639, 0.9563889244763321, 0.9437892095357592, 0.9700251889168765, 0.9437892095357592, 0.9693361321672438)
HLAB_independent1_9_HLA-B*49:01:(0.9783861237891655, 0.9783872737246299, 0.9567897692492895, 0.9784433793664477, 0.9804824561403509, 0.9762897914379802, 0.9804824561403509, 0.9764198192554912)
HLAB_independent1_9_HLA-B*15:17:(0.9275167785234899, 0.9275167785234899, 0.8554092547151197, 0.9285235670901996, 0.9416107382550336, 0.9134228187919463, 0.9416107382550336, 0.9158309338551136)
HLAB_independent1_9_HLA-B*44:27:(1.0, 1.0, 1.0, 1.0, 1.0, 1.0, 1.0, 1.0)
HLAB_independent1_9_HLA-B*27:20:(0.9315789473684213, 0.9315789473684211, 0.8723194585650166, 0.9256683574330633, 0.8631578947368421, 1.0, 0.8631578947368421, 1.0)
HLAB_independent1_9_HLA-B*39:24:(0.9855670103092784, 0.9855670103092784, 0.9713186269562414, 0.9856290923241611, 0.9896907216494846, 0.9814432989690722, 0.9896907216494846, 0.9817524981284379)
HLAB_independent1_9_HLA-A*02:06:(0.9158460579250439, 0.9158410451823625, 0.8318396523007984, 0.9165631522045142, 0.925054466230937, 0.9066376496191513, 0.925054466230937, 0.908239905392065)
HLAB_independent1_9_HLA-B*56:01:(0.970673076923077, 0.970673076923077, 0.9417317518253479, 0.9710855923885328, 0.9836538461538462, 0.9576923076923076, 0.9836538461538462, 0.9589034031393021)
HLAB_independent1_9_HLA-C*01:02:(0.956973293768546, 0.956973293768546, 0.9148960163472235, 0.9579004091478625, 0.9786350148367953, 0.9353115727002967, 0.9786350148367953, 0.9381119394638979)
HLAB_independent1_9_HLA-B*35:03:(0.9729763585842482, 0.972998014559894, 0.9462288659058181, 0.9733381301243714, 0.983883751651255, 0.9620689655172414, 0.983883751651255, 0.9630278466283956)
HLAB_independent1_9_HLA-B*83:01:(0.8646153846153846, 0.8646153846153846, 0.7435770068550565, 0.8496290182204916, 0.7815384615384616, 0.9476923076923077, 0.7815384615384616, 0.9398141383216011)
HLAB_independent1_9_HLA-B*18:03:(0.91875, 0.91875, 0.8399416253884817, 0.9154944473823374, 0.88125, 0.95625, 0.88125, 0.9526436781609195)
HLAB_independent1_9_HLA-B*15:09:(0.9047619047619048, 0.9047619047619048, 0.809891566057787, 0.9045134105826108, 0.9047619047619048, 0.9047619047619048, 0.9047619047619048, 0.9046753246753246)
HLAB_independent1_9_HLA-C*07:04:(0.9463676199584456, 0.9463210702341136, 0.8940781320957093, 0.9476941861042611, 0.9742043551088777, 0.9185308848080134, 0.9742043551088777, 0.9226165273145008)
HLAB_independent1_9_HLA-A*26:03:(0.8833333333333334, 0.8833333333333334, 0.7692056373791779, 0.882649389770133, 0.888888888888889, 0.8777777777777779, 0.888888888888889, 0.8793653250773994)
HLAB_independent1_9_HLA-A*03:01:(0.9497054971865264, 0.9497331910352187, 0.8996537104765435, 0.9503748195092285, 0.9600851516764237, 0.9393258426966293, 0.9600851516764237, 0.940863603436151)
HLAB_independent1_9_HLA-B*27:09:(0.9321573556548017, 0.9321340964840555, 0.8644694306097964, 0.9316375657854505, 0.9226753670473082, 0.9416393442622951, 0.9226753670473082, 0.9408155718660641)
HLAB_independent1_9_HLA-B*15:01:(0.9493039654257338, 0.9493565794935659, 0.8989482513971387, 0.9501515971588901, 0.9608264462809917, 0.9377814845704753, 0.9608264462809917, 0.9397298302090169)
HLAB_independent1_9_HLA-B*08:01:(0.9300983873784713, 0.9301079913606912, 0.861075914146246, 0.931650293551396, 0.9523316062176166, 0.907865168539326, 0.9523316062176166, 0.9118599194741464)
HLAB_independent1_9_HLA-B*50:01:(0.9692550505050506, 0.9692745376955904, 0.9389181499301896, 0.9697381227224671, 0.9829545454545453, 0.9555555555555555, 0.9829545454545453, 0.9568933237946483)
HLAB_independent1_9_HLA-A*24:03:(0.9205128205128206, 0.9205128205128206, 0.8411905700803983, 0.9207020574072458, 0.9230769230769231, 0.917948717948718, 0.9230769230769231, 0.9185035936090788)
HLAB_independent1_9_HLA-A*32:15:(0.9600000000000002, 0.9600000000000002, 0.9239555915554766, 0.9576354679802958, 0.9199999999999999, 1.0, 0.9199999999999999, 1.0)
HLAB_independent1_9_HLA-C*03:03:(0.9499103160292304, 0.9499269361909402, 0.9000919872201688, 0.9505592140574018, 0.9612840466926069, 0.9385365853658536, 0.9612840466926069, 0.9400827213529563)
HLAB_independent1_9_HLA-C*16:01:(0.9516998827667056, 0.9516998827667058, 0.9045889703224829, 0.9528882276075359, 0.9770222743259085, 0.9263774912075029, 0.9770222743259085, 0.9299428968857262)
HLAB_independent1_9_HLA-A*30:02:(0.8928571428571429, 0.8928571428571429, 0.7876025057759807, 0.8890823193272409, 0.8589285714285715, 0.9267857142857142, 0.8589285714285715, 0.9215318416053048)
HLAB_independent1_9_HLA-A*02:03:(0.9297171656458106, 0.9297297297297298, 0.8599284393262415, 0.9308993296090868, 0.9459876543209876, 0.9134466769706338, 0.9459876543209876, 0.9163041373528504)
HLAB_independent1_9_HLA-A*24:02:(0.9320113802035415, 0.9319789315274642, 0.8642078538795845, 0.9314248336802224, 0.9212303075768942, 0.9427924528301886, 0.9212303075768942, 0.9418863103577131)
HLAB_independent1_9_HLA-A*26:01:(0.9527845036319613, 0.9527845036319613, 0.9056346648915353, 0.9530153564815536, 0.9578692493946732, 0.9476997578692494, 0.9578692493946732, 0.9482293284389065)
HLAB_independent1_9_HLA-A*02:17:(0.9275862068965516, 0.9275862068965518, 0.8643442339061526, 0.9325140809011776, 1.0, 0.8551724137931034, 1.0, 0.8736185383244207)
HLAB_independent1_9_HLA-A*24:13:(0.9566666666666667, 0.9566666666666667, 0.9160794355812794, 0.9582130895721589, 0.9933333333333334, 0.9200000000000002, 0.9933333333333334, 0.9257331378299121)
HLAB_independent1_9_HLA-C*04:01:(0.9272269511738216, 0.9272284758138121, 0.8545112034203672, 0.927613826497638, 0.9322384428223843, 0.9222154595252586, 0.9322384428223843, 0.9230478434877469)
HLAB_independent1_9_HLA-B*27:01:(0.9858266109747154, 0.9858585858585858, 0.9720373368396842, 0.9860720361347848, 0.9984886649874056, 0.9731645569620253, 0.9984886649874056, 0.973972031235715)
HLAB_independent1_9_HLA-C*07:01:(0.9472308393256869, 0.9472202674173118, 0.8948809397792836, 0.9479605958351321, 0.9622535211267605, 0.9322081575246133, 0.9622535211267605, 0.9341166113531031)
HLAB_independent1_9_HLA-B*39:06:(0.9665753424657535, 0.9665753424657535, 0.9336797757785256, 0.967122743248735, 0.9830136986301369, 0.9501369863013698, 0.9830136986301369, 0.951761135912624)
HLAB_independent1_9_HLA-A*69:01:(0.912962962962963, 0.912962962962963, 0.8271671867003689, 0.915225800491821, 0.9398148148148149, 0.8861111111111111, 0.9398148148148149, 0.8919331392034511)
HLAB_independent1_9_HLA-A*30:01:(0.8897590361445783, 0.8897590361445784, 0.7800497168560774, 0.8916022634273115, 0.9066265060240963, 0.8728915662650601, 0.9066265060240963, 0.8771621209906588)
HLAB_independent1_9_HLA-A*02:12:(0.8942857142857144, 0.8942857142857144, 0.7895836569707807, 0.8965705138141148, 0.917142857142857, 0.8714285714285716, 0.917142857142857, 0.8770743137503703)
HLAB_independent1_9_HLA-B*18:01:(0.9553191489361701, 0.9553191489361703, 0.9109159455757965, 0.9547835572078766, 0.9437352245862884, 0.966903073286052, 0.9437352245862884, 0.9661320898726642)
HLAB_independent1_9_HLA-B*38:01:(0.9830149475626249, 0.9830177153329261, 0.9660771777947001, 0.9831048637841701, 0.9875457875457876, 0.978484107579462, 0.9875457875457876, 0.9787061555370847)
HLAB_independent1_9_HLA-B*58:01:(0.9578665710244657, 0.957864768683274, 0.9157591236522986, 0.9579432557208806, 0.9603988603988605, 0.9553342816500712, 0.9603988603988605, 0.95551809999426)
HLAB_independent1_9_HLA-C*05:01:(0.96606703806293, 0.9660749506903354, 0.9321866709512852, 0.9662722892425023, 0.9700787401574804, 0.9620553359683794, 0.9700787401574804, 0.9625047095980938)
HLAB_independent1_9_HLA-B*27:04:(0.9690821256038648, 0.9690821256038648, 0.9383790954016172, 0.9693902353497601, 0.9792270531400966, 0.9589371980676329, 0.9792270531400966, 0.9597700115755764)
HLAB_independent1_9_HLA-A*02:20:(0.9601990049751243, 0.9601990049751243, 0.9226546698796808, 0.9615473676585186, 0.9950248756218907, 0.9253731343283581, 0.9950248756218907, 0.9302648706360698)
HLAB_independent1_9_HLA-B*52:01:(0.9313253012048193, 0.9313253012048193, 0.8627380733129455, 0.9317354963051521, 0.9373493975903615, 0.925301204819277, 0.9373493975903615, 0.9262144375822619)
HLAB_independent1_9_HLA-B*41:01:(0.9724770642201834, 0.9724770642201834, 0.9456058175215378, 0.9729808700001262, 0.9908256880733946, 0.9541284403669724, 0.9908256880733946, 0.9557821545012976)
HLAB_independent1_9_HLA-B*15:42:(0.8704225352112676, 0.8704225352112676, 0.7423179216232785, 0.8718244036412767, 0.8816901408450704, 0.8591549295774648, 0.8816901408450704, 0.8635489220563848)
HLAB_independent1_9_HLA-B*27:06:(0.9670731707317073, 0.9670731707317073, 0.9341672457698567, 0.9671508996106816, 0.9695121951219512, 0.9646341463414634, 0.9695121951219512, 0.9648109956455535)
HLAB_independent1_9_HLA-A*31:01:(0.9438006580421607, 0.9438924605493864, 0.8886456566754924, 0.9453327114288866, 0.9662398137369033, 0.9213615023474178, 0.9662398137369033, 0.925316828108938)
HLAB_independent1_9_HLA-C*08:02:(0.9634145623966417, 0.9634418189924208, 0.9276501249854887, 0.9642169279332974, 0.983793410507569, 0.9430357142857144, 0.983793410507569, 0.9454074179795662)
HLAB_independent1_9_HLA-B*15:02:(0.9511568123393316, 0.9511568123393316, 0.9028995986262747, 0.951997654140906, 0.968637532133676, 0.9336760925449872, 0.968637532133676, 0.9359522290264305)
HLAB_independent1_9_HLA-B*27:07:(0.9924444444444444, 0.9924444444444445, 0.9849141215732662, 0.9924709996577036, 0.9955555555555555, 0.9893333333333334, 0.9955555555555555, 0.9894116841881841)
HLAB_independent1_9_HLA-A*68:23:(0.8411764705882353, 0.8411764705882353, 0.7197549974488477, 0.8108374384236454, 0.6823529411764706, 1.0, 0.6823529411764706, 1.0)
HLAB_independent1_9_HLA-A*68:02:(0.9087706792637237, 0.9087899543378996, 0.8180446746741019, 0.9103963109655187, 0.9256556442417331, 0.8918857142857144, 0.9256556442417331, 0.8956431752134323)
HLAB_independent1_9_HLA-B*45:01:(0.9630369893962631, 0.9630456852791879, 0.9262643110463135, 0.963401318152437, 0.9716024340770792, 0.9544715447154472, 0.9716024340770792, 0.9553769487699721)
HLAB_independent1_9_HLA-A*23:01:(0.9551270994697679, 0.9551282051282051, 0.9102791665044695, 0.9552253707764663, 0.9559032716927455, 0.9543509272467905, 0.9559032716927455, 0.9545716187143191)
HLAB_independent1_9_HLA-B*13:02:(0.9696927374301676, 0.9696927374301676, 0.9400984852483365, 0.9702724943536352, 0.9891061452513966, 0.9502793296089387, 0.9891061452513966, 0.9521468456948554)
HLAB_independent1_9_HLA-B*51:01:(0.9491818445617725, 0.9492107069320521, 0.8985508395263222, 0.9497981049362887, 0.957592339261286, 0.940771349862259, 0.957592339261286, 0.9421443954177903)
HLAB_independent1_9_HLA-C*12:03:(0.9577437858508603, 0.9577437858508603, 0.9158816989190146, 0.9583362028721621, 0.9720841300191205, 0.9434034416826005, 0.9720841300191205, 0.9449878219131469)
HLAB_independent1_9_HLA-B*14:02:(0.9662730958172366, 0.9662983425414365, 0.9332435926246561, 0.9669498265628705, 0.984551724137931, 0.9479944674965421, 0.984551724137931, 0.9499941187309456)
HLAB_independent1_9_HLA-A*68:01:(0.9504354501236378, 0.9504911591355599, 0.9017075096921875, 0.9515985733226678, 0.9706896551724137, 0.9301812450748621, 0.9706896551724137, 0.9332501210053883)
HLAB_independent1_9_HLA-A*02:16:(0.917948717948718, 0.917948717948718, 0.8369841053379995, 0.9164420052521318, 0.9025641025641026, 0.9333333333333333, 0.9025641025641026, 0.9316036887089518)
HLAB_independent1_9_HLA-A*02:19:(0.9040000000000001, 0.9040000000000001, 0.8093627772685528, 0.9066020881840414, 0.932, 0.876, 0.932, 0.8826372090523034)
HLAB_independent1_9_HLA-C*02:02:(0.95123367693893, 0.9513027001421127, 0.9033640339950543, 0.9524423181654462, 0.97204910292729, 0.9304182509505704, 0.97204910292729, 0.9336124499373234)
HLAB_independent1_9_HLA-A*02:01:(0.9085999443920617, 0.9085907965063225, 0.8171926288730813, 0.9091431533716209, 0.9074495602690119, 0.9097503285151116, 0.9074495602690119, 0.910855664388604)
HLAB_independent1_9_HLA-B*46:01:(0.9445002913752913, 0.9445234708392602, 0.8895283956567613, 0.9454806064454262, 0.9607954545454545, 0.9282051282051281, 0.9607954545454545, 0.9306638056848608)
HLAB_independent1_9_HLA-C*15:02:(0.9529042386185245, 0.9529042386185242, 0.9064630678314666, 0.9537764322843945, 0.9717425431711145, 0.9340659340659341, 0.9717425431711145, 0.9364731844899967)
HLAB_independent1_9_HLA-A*25:01:(0.959047619047619, 0.959047619047619, 0.9182847450360182, 0.959355801972773, 0.9657142857142856, 0.9523809523809523, 0.9657142857142856, 0.9531906471870218)
HLAB_independent1_9_HLA-A*02:50:(0.9722222222222221, 0.9722222222222221, 0.9459053029269173, 0.972972972972973, 1.0, 0.9444444444444444, 1.0, 0.9473684210526315)
HLAB_independent1_9_HLA-A*33:01:(0.9515151515151515, 0.9515151515151515, 0.9033922337967406, 0.9521805530853339, 0.9654545454545455, 0.9375757575757575, 0.9654545454545455, 0.9392769443230902)
