HLAB_independent1_A01_HLA-A*01:01:(0.9587538921350951, 0.9587557102458124, 0.9175192147706852, 0.9588648460514075, 0.9599478714161599, 0.9575599128540304, 0.9577903698742929, 0.9599478714161599)
HLAB_independent1_A02_HLA-A*02:01:(0.9017336719087066, 0.9017400716010323, 0.8034860548524498, 0.9023543663923281, 0.9028476821192053, 0.9006196616982081, 0.9018760495194286, 0.9028476821192053)
HLAB_independent1_A02_HLA-A*02:02:(0.9178975788923897, 0.917906618778861, 0.8358752729653982, 0.918497032343919, 0.9237704918032786, 0.9120246659815004, 0.9132939459413614, 0.9237704918032786)
HLAB_independent1_A02_HLA-A*02:03:(0.9129449023132749, 0.9129666011787819, 0.8267450959740363, 0.9149180458213619, 0.9350343473994112, 0.8908554572271387, 0.8956665125362964, 0.9350343473994112)
HLAB_independent1_A02_HLA-A*02:04:(0.923444976076555, 0.923444976076555, 0.8470584805108782, 0.9228951735510845, 0.9167464114832535, 0.9301435406698564, 0.9292337196773867, 0.9167464114832535)
HLAB_independent1_A02_HLA-A*02:05:(0.9429086538461539, 0.9429086538461539, 0.8873157120942814, 0.9445176188872983, 0.9718750000000002, 0.9139423076923077, 0.9186659263325321, 0.9718750000000002)
HLAB_independent1_A02_HLA-A*02:06:(0.9146831340948793, 0.9146777546777546, 0.8296512060367311, 0.9157307642498346, 0.9276206322795341, 0.9017456359102244, 0.9041562017910737, 0.9276206322795341)
HLAB_independent1_A02_HLA-A*02:07:(0.9436450839328538, 0.9436450839328538, 0.8873257748877654, 0.9437061786391554, 0.9446043165467627, 0.9426858513189448, 0.9428456308462845, 0.9446043165467627)
HLAB_independent1_A02_HLA-A*02:11:(0.9227027027027027, 0.9227027027027026, 0.8462369415548595, 0.9242496539986419, 0.9432432432432434, 0.9021621621621622, 0.9061179502585317, 0.9432432432432434)
HLAB_independent1_A02_HLA-A*02:12:(0.895774647887324, 0.895774647887324, 0.7925366464313208, 0.8979963665384408, 0.9183098591549296, 0.8732394366197183, 0.8787313145878395, 0.9183098591549296)
HLAB_independent1_A02_HLA-A*02:16:(0.917948717948718, 0.917948717948718, 0.8369841053379995, 0.9164420052521318, 0.9025641025641026, 0.9333333333333333, 0.9316036887089518, 0.9025641025641026)
HLAB_independent1_A02_HLA-A*02:17:(0.9593220338983051, 0.9593220338983051, 0.9217175596954161, 0.9609222977475677, 1.0, 0.9186440677966102, 0.9248015873015873, 1.0)
HLAB_independent1_A02_HLA-A*02:19:(0.9040000000000001, 0.9040000000000001, 0.8093627772685528, 0.9066020881840414, 0.932, 0.876, 0.8826372090523034, 0.932)
HLAB_independent1_A02_HLA-A*02:20:(0.9601990049751243, 0.9601990049751243, 0.9226546698796808, 0.9615473676585186, 0.9950248756218907, 0.9253731343283581, 0.9302648706360698, 0.9950248756218907)
HLAB_independent1_A02_HLA-A*02:50:(0.9722222222222221, 0.9722222222222221, 0.9459053029269173, 0.972972972972973, 1.0, 0.9444444444444444, 0.9473684210526315, 1.0)
HLAB_independent1_A03_HLA-A*03:01:(0.9451849107756158, 0.9452020651593378, 0.8905379851758715, 0.9457769408642485, 0.9539445628997868, 0.9364252586514448, 0.9377526286808017, 0.9539445628997868)
HLAB_independent1_A03_HLA-A*11:01:(0.9381669805398619, 0.9381700927045546, 0.8763649397105711, 0.9383994793137453, 0.9407407407407407, 0.9355932203389831, 0.9360853813810033, 0.9407407407407407)
HLAB_independent1_A24_HLA-A*23:01:(0.9473252688172042, 0.9473259334006053, 0.8946697351154235, 0.9474156682267563, 0.947983870967742, 0.9466666666666665, 0.9468665711562437, 0.947983870967742)
HLAB_independent1_A24_HLA-A*24:02:(0.9403813471110354, 0.9403696498054475, 0.8808388509218442, 0.9401154654481598, 0.934368932038835, 0.9463937621832358, 0.9459671355991887, 0.934368932038835)
HLAB_independent1_A24_HLA-A*24:03:(0.9205128205128206, 0.9205128205128206, 0.8411905700803983, 0.9207020574072458, 0.9230769230769231, 0.917948717948718, 0.9185035936090788, 0.9230769230769231)
HLAB_independent1_A24_HLA-A*24:06:(0.9464788732394368, 0.9464788732394366, 0.8937789558118172, 0.9454233651660526, 0.9267605633802816, 0.9661971830985916, 0.9650003875067814, 0.9267605633802816)
HLAB_independent1_A24_HLA-A*24:13:(0.8955555555555555, 0.8955555555555555, 0.7935935652185454, 0.8993272279801291, 0.9333333333333333, 0.8577777777777778, 0.8678966565349544, 0.9333333333333333)
HLAB_independent1_A01_HLA-A*25:01:(0.9643243243243242, 0.9643243243243242, 0.9287291858677706, 0.9644657240358109, 0.9675675675675677, 0.9610810810810811, 0.9614467533327307, 0.9675675675675677)
HLAB_independent1_A01_HLA-A*26:01:(0.9506065857885615, 0.9506065857885615, 0.9012357184098587, 0.9507127712455514, 0.9528596187175044, 0.9483535528596188, 0.9485894944227355, 0.9528596187175044)
HLAB_independent1_A01_HLA-A*26:02:(0.9244897959183673, 0.9244897959183674, 0.8518007897919082, 0.9214676877506051, 0.8857142857142858, 0.963265306122449, 0.9605585923994806, 0.8857142857142858)
HLAB_independent1_A01_HLA-A*26:03:(0.8833333333333334, 0.8833333333333334, 0.7692056373791779, 0.882649389770133, 0.888888888888889, 0.8777777777777779, 0.8793653250773994, 0.888888888888889)
HLAB_independent1_A01-A24_HLA-A*29:02:(0.9480687020386656, 0.9480631276901004, 0.8961688358818918, 0.9479296661347656, 0.9441833810888252, 0.9519540229885056, 0.95172047077111, 0.9441833810888252)
HLAB_independent1_A01-A03_HLA-A*30:01:(0.8772340425531915, 0.8772340425531915, 0.7545850163632887, 0.8778788741488558, 0.8825531914893616, 0.8719148936170213, 0.8733391935550522, 0.8825531914893616)
HLAB_independent1_A01_HLA-A*30:02:(0.9303571428571429, 0.9303571428571429, 0.8612583337115336, 0.9291166405635352, 0.9128571428571428, 0.9478571428571427, 0.9459853042450576, 0.9128571428571428)
HLAB_independent1_A03_HLA-A*31:01:(0.939646697388633, 0.9396996534462841, 0.8800602639933546, 0.9410092612986827, 0.9592933947772657, 0.9199999999999999, 0.92341488454104, 0.9592933947772657)
HLAB_independent1_A01_HLA-A*32:01:(0.9492334254276795, 0.9492390770741286, 0.8987412118669489, 0.9498430875290236, 0.9607458292443573, 0.9377210216110019, 0.9392118856562698, 0.9607458292443573)
HLAB_independent1_A01_HLA-A*32:07:(0.8555555555555555, 0.8555555555555555, 0.7125271648104737, 0.858226647700332, 0.8777777777777777, 0.8333333333333334, 0.8401754385964912, 0.8777777777777777)
HLAB_independent1_A01_HLA-A*32:15:(0.9600000000000002, 0.9600000000000002, 0.9239555915554766, 0.9576354679802958, 0.9199999999999999, 1.0, 1.0, 0.9199999999999999)
HLAB_independent1_A03_HLA-A*33:01:(0.940356564019449, 0.940356564019449, 0.8822980623118045, 0.9420852012990848, 0.9701782820097244, 0.9105348460291735, 0.9155863171568853, 0.9701782820097244)
HLAB_independent1_A03_HLA-A*66:01:(0.9467741935483872, 0.946774193548387, 0.8936656796464627, 0.9469385488929831, 0.9496774193548386, 0.9438709677419354, 0.9443228123489782, 0.9496774193548386)
HLAB_independent1_A03_HLA-A*68:01:(0.9460703130280297, 0.9461137050260918, 0.8931269385176931, 0.9473970094327463, 0.968640350877193, 0.9235002751788663, 0.92707201302161, 0.968640350877193)
HLAB_independent1_A02_HLA-A*68:02:(0.8886034810399931, 0.888611315209405, 0.7774057404105822, 0.8898598542881109, 0.899265785609398, 0.8779411764705882, 0.8806624127271518, 0.899265785609398)
HLAB_independent1_A03_HLA-A*68:23:(0.8411764705882353, 0.8411764705882353, 0.7197549974488477, 0.8108374384236454, 0.6823529411764706, 1.0, 1.0, 0.6823529411764706)
HLAB_independent1_A02_HLA-A*69:01:(0.9140495867768594, 0.9140495867768594, 0.8294383654506537, 0.9163935312849896, 0.9421487603305785, 0.8859504132231406, 0.8920346452459065, 0.9421487603305785)
HLAB_independent1_A01_HLA-A*80:01:(0.913888888888889, 0.913888888888889, 0.8294845454376553, 0.916535604097248, 0.9444444444444444, 0.8833333333333332, 0.8903964693438379, 0.9444444444444444)
HLAB_independent1_B07_HLA-B*07:02:(0.951586951955106, 0.9515983026874115, 0.9032326885628663, 0.9519230639422496, 0.9555994358251059, 0.9475744680851064, 0.9482871431669928, 0.9555994358251059)
HLAB_independent1_B08_HLA-B*08:01:(0.9247433774279411, 0.9247482453463534, 0.8499381995136039, 0.9259453857351773, 0.9406955460646735, 0.9087912087912088, 0.9116616528924105, 0.9406955460646735)
HLAB_independent1_B44_HLA-B*13:02:(0.9682038834951456, 0.9682038834951456, 0.9369506985356013, 0.9687357635295288, 0.9851941747572817, 0.9512135922330096, 0.9528200197300393, 0.9851941747572817)
HLAB_independent1_B27_HLA-B*14:01:(0.905, 0.905, 0.817662858234186, 0.9107218363032317, 0.97, 0.8400000000000001, 0.8587615283267457, 0.97)
HLAB_independent1_B27_HLA-B*14:02:(0.9636892090949212, 0.9637044967880086, 0.9278074135350117, 0.9642556673810689, 0.9779679144385026, 0.9494105037513398, 0.9509461258562512, 0.9779679144385026)
HLAB_independent1_B62_HLA-B*15:01:(0.9506711854031572, 0.9506938544321721, 0.901465832928705, 0.9511678542413774, 0.9568284424379232, 0.9445139283683911, 0.9455936581890324, 0.9568284424379232)
HLAB_independent1_B62_HLA-B*15:02:(0.9337078651685393, 0.9337078651685393, 0.8676371265861633, 0.9343200062971958, 0.9431781701444623, 0.9242375601926163, 0.925692439708618, 0.9431781701444623)
HLAB_independent1_B27_HLA-B*15:03:(0.9456989247311828, 0.9456989247311828, 0.8921009166511743, 0.9467429337288914, 0.9652329749103942, 0.9261648745519713, 0.9289692870359628, 0.9652329749103942)
HLAB_independent1_B27_HLA-B*15:09:(0.9047619047619048, 0.9047619047619048, 0.809891566057787, 0.9045134105826108, 0.9047619047619048, 0.9047619047619048, 0.9046753246753246, 0.9047619047619048)
HLAB_independent1_B27_HLA-B*15:11:(0.9333333333333333, 0.9333333333333333, 0.8667699231110289, 0.9331473731357178, 0.9312820512820513, 0.9353846153846155, 0.9351274128791817, 0.9312820512820513)
HLAB_independent1_B58_HLA-B*15:17:(0.9345945945945946, 0.9345945945945946, 0.8694877278718416, 0.9353621879746189, 0.9464864864864866, 0.9227027027027027, 0.924548978858363, 0.9464864864864866)
HLAB_independent1_B27_HLA-B*15:18:(0.9722222222222221, 0.9722222222222221, 0.9454729696348483, 0.9728586463880582, 0.9953703703703705, 0.9490740740740741, 0.951357237119347, 0.9953703703703705)
HLAB_independent1_B62_HLA-B*15:42:(0.8704225352112676, 0.8704225352112676, 0.7423179216232785, 0.8718244036412767, 0.8816901408450704, 0.8591549295774648, 0.8635489220563848, 0.8816901408450704)
HLAB_independent1_B44_HLA-B*18:01:(0.9534920634920635, 0.9534920634920635, 0.9070807070917317, 0.9531842941726373, 0.946984126984127, 0.96, 0.9594878814339347, 0.946984126984127)
HLAB_independent1_B44_HLA-B*18:03:(0.9462962962962962, 0.9462962962962962, 0.8932346710758416, 0.9453671562082777, 0.9296296296296296, 0.962962962962963, 0.9618201997780244, 0.9296296296296296)
HLAB_independent1_B27_HLA-B*27:01:(0.9815188769296599, 0.9815266196279667, 0.9633407351032488, 0.9817602095330391, 0.9935897435897436, 0.9694480102695764, 0.9702166562705109, 0.9935897435897436)
HLAB_independent1_B27_HLA-B*27:02:(0.9722865363725323, 0.9722846441947566, 0.9445879034001894, 0.9723349611356961, 0.9748125937031485, 0.9697604790419161, 0.9698761746573844, 0.9748125937031485)
HLAB_independent1_B27_HLA-B*27:03:(0.908450704225352, 0.9084507042253522, 0.8271421060683177, 0.9152045962952607, 0.9859154929577464, 0.8309859154929577, 0.8542169564181947, 0.9859154929577464)
HLAB_independent1_B27_HLA-B*27:04:(0.967311411992263, 0.9673114119922632, 0.9346463034162447, 0.9673643294297689, 0.9690522243713733, 0.9655705996131528, 0.9657005285009971, 0.9690522243713733)
HLAB_independent1_B27_HLA-B*27:05:(0.823270388762064, 0.8232275611967363, 0.6467210449571033, 0.8219970634273404, 0.8130010834236187, 0.8335396941005098, 0.8313056753610677, 0.8130010834236187)
HLAB_independent1_B27_HLA-B*27:06:(0.9682352941176472, 0.968235294117647, 0.9365095026051083, 0.9681246802891634, 0.9647058823529411, 0.9717647058823529, 0.9715840960066504, 0.9647058823529411)
HLAB_independent1_B27_HLA-B*27:07:(0.9835294117647058, 0.983529411764706, 0.9671005208671979, 0.9836015672233671, 0.9877647058823531, 0.9792941176470589, 0.9794804002808324, 0.9877647058823531)
HLAB_independent1_B27_HLA-B*27:08:(0.9736753943730688, 0.9736903376018626, 0.9477030522584142, 0.9740547378973984, 0.9865116279069767, 0.9608391608391609, 0.9619212026785837, 0.9865116279069767)
HLAB_independent1_B27_HLA-B*27:09:(0.9184945756099436, 0.9184787472035794, 0.8372225129121847, 0.9176032204496487, 0.9067024128686327, 0.9302867383512545, 0.9287967532068615, 0.9067024128686327)
HLAB_independent1_B27_HLA-B*27:20:(0.9315789473684213, 0.9315789473684211, 0.8723194585650166, 0.9256683574330633, 0.8631578947368421, 1.0, 1.0, 0.8631578947368421)
HLAB_independent1_B07_HLA-B*35:01:(0.9348283267769734, 0.9348403635516197, 0.8698864417915899, 0.9355734576650054, 0.9451582867783985, 0.9244983667755484, 0.9262071028494399, 0.9451582867783985)
HLAB_independent1_B07_HLA-B*35:03:(0.9716133433979793, 0.9716255025847215, 0.9433521014791528, 0.9718688471066759, 0.9786697247706423, 0.9645569620253166, 0.9651715045790296, 0.9786697247706423)
HLAB_independent1_B07_HLA-B*35:08:(0.9378181818181819, 0.9378181818181819, 0.8759111476820888, 0.9385293013538171, 0.9490909090909092, 0.9265454545454546, 0.9282542482756068, 0.9490909090909092)
HLAB_independent1_B44_HLA-B*37:01:(0.9729357798165138, 0.9729357798165138, 0.9458835951137065, 0.9729827038888328, 0.9746788990825689, 0.9711926605504587, 0.9712987730991374, 0.9746788990825689)
HLAB_independent1_B27_HLA-B*38:01:(0.9781710941569385, 0.9781707933299646, 0.956348245112763, 0.9781685807807617, 0.9775757575757575, 0.9787664307381194, 0.978768197898827, 0.9775757575757575)
HLAB_independent1_B27_HLA-B*39:01:(0.959134120855504, 0.9591451292246521, 0.918543489479883, 0.9596295737794339, 0.9702085402184707, 0.9480597014925373, 0.9493095479910416, 0.9702085402184707)
HLAB_independent1_B27_HLA-B*39:06:(0.9641277641277644, 0.9641277641277641, 0.9285117640736906, 0.9645344471946181, 0.9754299754299754, 0.9528255528255528, 0.9538986358630706, 0.9754299754299754)
HLAB_independent1_B27_HLA-B*39:24:(0.9804878048780488, 0.9804878048780488, 0.9613032287009151, 0.9805366070402906, 0.9853658536585364, 0.975609756097561, 0.9760394108555654, 0.9853658536585364)
HLAB_independent1_B44_HLA-B*40:01:(0.9632210667501416, 0.9632150615496016, 0.9264667051909952, 0.9631132047035649, 0.9590744757772957, 0.9673676577229877, 0.9671894564433112, 0.9590744757772957)
HLAB_independent1_B44_HLA-B*40:02:(0.9710120535851209, 0.971020019065777, 0.9421006263913565, 0.9712215166682576, 0.976582579723941, 0.9654415274463007, 0.9659230505956489, 0.976582579723941)
HLAB_independent1_B44_HLA-B*41:01:(0.965925925925926, 0.965925925925926, 0.9324656132167555, 0.9665238529586355, 0.9837037037037035, 0.9481481481481481, 0.9499568300955905, 0.9837037037037035)
HLAB_independent1_B44_HLA-B*44:02:(0.9638380148707659, 0.9638240086909289, 0.9276708281383526, 0.9638913756383551, 0.9609729729729729, 0.9667030567685589, 0.9668330260562902, 0.9609729729729729)
HLAB_independent1_B44_HLA-B*44:03:(0.9737498082021634, 0.9737516869095817, 0.9475224250465129, 0.9738421640842597, 0.976534052596089, 0.9709655638082377, 0.9711699212291922, 0.976534052596089)
HLAB_independent1_B44_HLA-B*44:27:(0.975609756097561, 0.975609756097561, 0.9513327357670012, 0.9756678021934168, 0.975609756097561, 0.975609756097561, 0.9758420441347271, 0.975609756097561)
HLAB_independent1_B44_HLA-B*45:01:(0.9550081348847668, 0.9550111358574609, 0.9100898284734302, 0.9552293326727497, 0.9590504451038576, 0.950965824665676, 0.9514783871180871, 0.9590504451038576)
HLAB_independent1_B27_HLA-B*45:06:(0.8845070422535212, 0.8845070422535212, 0.7718766109967514, 0.8828229800560689, 0.8732394366197183, 0.895774647887324, 0.895817632659738, 0.8732394366197183)
HLAB_independent1_B62_HLA-B*46:01:(0.9289553515560026, 0.9289552238805971, 0.8579181928285212, 0.9290126811350348, 0.92882703777336, 0.9290836653386453, 0.929206818878965, 0.92882703777336)
HLAB_independent1_B27_HLA-B*48:01:(0.9333333333333332, 0.9333333333333333, 0.8688179488958578, 0.9348258792878854, 0.9583333333333333, 0.9083333333333334, 0.9134581939799332, 0.9583333333333333)
HLAB_independent1_B44_HLA-B*49:01:(0.9756774135382343, 0.9756777108433734, 0.9513614702022105, 0.9757043435109012, 0.9760722347629797, 0.9752825923134891, 0.9753426745776632, 0.9760722347629797)
HLAB_independent1_B44_HLA-B*50:01:(0.9657053592886327, 0.9657142857142856, 0.9315612518828191, 0.9660219539211138, 0.9735159817351597, 0.9578947368421054, 0.9586638462824165, 0.9735159817351597)
HLAB_independent1_B07_HLA-B*51:01:(0.9345395851270665, 0.9345574733749542, 0.8692793186659111, 0.9352975247995587, 0.9442815249266863, 0.9247976453274467, 0.9264913642987984, 0.9442815249266863)
HLAB_independent1_B07_HLA-B*51:08:(0.9672000000000001, 0.9672000000000001, 0.935664241863298, 0.9680423220923743, 0.992, 0.9423999999999999, 0.9453232806472643, 0.992)
HLAB_independent1_B62_HLA-B*52:01:(0.9418918918918917, 0.9418918918918919, 0.8844935777489958, 0.9430289037677024, 0.9614864864864867, 0.9222972972972974, 0.9252986332898008, 0.9614864864864867)
HLAB_independent1_B07_HLA-B*53:01:(0.9604288499025341, 0.9604288499025341, 0.920957427044452, 0.9606628815318237, 0.9664717348927875, 0.9543859649122808, 0.9549558175307459, 0.9664717348927875)
HLAB_independent1_B07_HLA-B*54:01:(0.9378980891719746, 0.9378980891719746, 0.8758506447849681, 0.9376046276596529, 0.9331210191082804, 0.9426751592356688, 0.9421472875950873, 0.9331210191082804)
HLAB_independent1_B07_HLA-B*56:01:(0.968217054263566, 0.9682170542635659, 0.9368109007685792, 0.9686599906290088, 0.9819121447028424, 0.9545219638242894, 0.9557862766540367, 0.9819121447028424)
HLAB_independent1_B58_HLA-B*57:01:(0.925809682688518, 0.9257926991739941, 0.8520295460417031, 0.9246670659876184, 0.9098749001863189, 0.9417444651907175, 0.9399506489199277, 0.9098749001863189)
HLAB_independent1_B58_HLA-B*57:03:(0.9417789239240436, 0.9417784050811575, 0.8835623817532872, 0.9417746478924505, 0.9410437235543018, 0.9425141242937854, 0.942511449833104, 0.9410437235543018)
HLAB_independent1_B58_HLA-B*58:01:(0.944377358490566, 0.944377358490566, 0.8888993295086248, 0.9438807271448008, 0.9355471698113208, 0.9532075471698114, 0.9523708396933674, 0.9355471698113208)
HLAB_independent1_B27_HLA-B*73:01:(0.9805084745762711, 0.9805084745762711, 0.961341602085907, 0.9807530208736214, 0.9932203389830508, 0.9677966101694915, 0.9686079122070181, 0.9932203389830508)
HLAB_independent1_B07_HLA-B*83:01:(0.8646153846153846, 0.8646153846153846, 0.7435770068550565, 0.8496290182204916, 0.7815384615384616, 0.9476923076923077, 0.9398141383216011, 0.7815384615384616)
HLAB_independent1_C01_HLA-C*01:02:(0.9336092715231787, 0.933609271523179, 0.8677035758102869, 0.9346627840196273, 0.9496688741721855, 0.9175496688741722, 0.9201604623149795, 0.9496688741721855)
HLAB_independent1_C02_HLA-C*02:02:(0.9468210222325041, 0.9468762595727529, 0.8944220521019662, 0.948031789324733, 0.9663987138263666, 0.927243330638642, 0.9303559285476671, 0.9663987138263666)
HLAB_independent1_C01_HLA-C*03:03:(0.942001613312696, 0.9420074349442379, 0.8840596722141492, 0.9423459164120352, 0.9466996699669968, 0.9373035566583953, 0.9380408120861834, 0.9466996699669968)
HLAB_independent1_C01_HLA-C*03:04:(0.9621838819844971, 0.9622053872053872, 0.9247340963901405, 0.9627433722749403, 0.9749579831932772, 0.9494097807757166, 0.9508579872106078, 0.9749579831932772)
HLAB_independent1_C01_HLA-C*04:01:(0.9123207861881824, 0.9123206558870416, 0.8246572485291986, 0.912286436216843, 0.9117486338797814, 0.9128929384965832, 0.912842033842568, 0.9117486338797814)
HLAB_independent1_C01_HLA-C*05:01:(0.9542131329994434, 0.9542118432026688, 0.9084350548065571, 0.9541813549008225, 0.9526666666666666, 0.9557595993322202, 0.9557078299507327, 0.9526666666666666)
HLAB_independent1_C02_HLA-C*06:02:(0.9286448438593391, 0.9286708420320112, 0.8579721211368098, 0.9300650774646382, 0.9473245309242528, 0.9099651567944251, 0.9134668852030734, 0.9473245309242528)
HLAB_independent1_C07_HLA-C*07:01:(0.94035950889728, 0.9403508771929825, 0.8811976192109574, 0.9412695512816794, 0.9565957446808511, 0.9241232731137089, 0.9264526385693074, 0.9565957446808511)
HLAB_independent1_C07_HLA-C*07:02:(0.9430498799765573, 0.9430884904569116, 0.8865216643738283, 0.943979519284716, 0.956401384083045, 0.9296983758700696, 0.931920315964297, 0.956401384083045)
HLAB_independent1_C07_HLA-C*07:04:(0.9404883949396188, 0.94044776119403, 0.8822511844545307, 0.9419459934119718, 0.9677130044843049, 0.913263785394933, 0.9175421001313977, 0.9677130044843049)
HLAB_independent1_C01_HLA-C*08:02:(0.962984798305681, 0.9630016313213703, 0.9265473702580701, 0.9636607149694492, 0.9801825293350717, 0.9457870672762901, 0.9476872826551404, 0.9801825293350717)
HLAB_independent1_C02_HLA-C*12:03:(0.9501644736842104, 0.9501644736842106, 0.9006824424644975, 0.9508324402264222, 0.9638157894736843, 0.9365131578947368, 0.9382110831264379, 0.9638157894736843)
HLAB_independent1_C02_HLA-C*14:02:(0.9762633996937213, 0.9762633996937213, 0.952823985029981, 0.9765501174977087, 0.9883614088820826, 0.9641653905053598, 0.9650354383558948, 0.9883614088820826)
HLAB_independent1_C01_HLA-C*15:02:(0.9440568475452198, 0.9440568475452198, 0.8883227279421307, 0.9446382675399716, 0.9545219638242894, 0.9335917312661499, 0.9349718655217348, 0.9545219638242894)
HLAB_independent1_C02_HLA-C*16:01:(0.9439550949913645, 0.9439550949913645, 0.8886343424677889, 0.9450308421228758, 0.9635578583765113, 0.9243523316062177, 0.9272417225002922, 0.9635578583765113)
HLAB_independent1_C01_HLA-C*17:01:(0.9242009132420093, 0.9242009132420093, 0.8486361993538238, 0.9233669347925714, 0.9132420091324199, 0.9351598173515981, 0.9337535956316124, 0.9132420091324199)
