TransPHLA_A01HLA-A*01:01:(0.9877819609357404, 0.9508375027191647, 0.9016839624686761, 0.9508053983456682, 0.94874022589053, 0.9529411764705882, 0.9528795811518325, 0.94874022589053, 0.988069955266756)
TransPHLA_A01HLA-A*25:01:(0.9837691745799855, 0.9567567567567568, 0.9135669010136183, 0.956989247311828, 0.9621621621621622, 0.9513513513513514, 0.9518716577540107, 0.9621621621621622, 0.9872347635530233)
TransPHLA_A01HLA-A*26:01:(0.9813759089775899, 0.9454072790294628, 0.8911157257634359, 0.9461077844311377, 0.9584055459272097, 0.9324090121317158, 0.9341216216216216, 0.9584055459272097, 0.9798480328816102)
TransPHLA_A01HLA-A*26:02:(0.9895876718034152, 0.9489795918367347, 0.9026709338484401, 0.9462365591397849, 0.8979591836734694, 1.0, 1.0, 0.8979591836734694, 0.9921398999196425)
TransPHLA_A01HLA-A*26:03:(0.962962962962963, 0.8888888888888888, 0.7826237921249264, 0.8947368421052632, 0.9444444444444444, 0.8333333333333334, 0.85, 0.9444444444444444, 0.9617393721689388)
TransPHLA_A01HLA-A*30:02:(0.9685730229591837, 0.9178571428571428, 0.835799575737033, 0.9172661870503597, 0.9107142857142857, 0.925, 0.9239130434782609, 0.9107142857142857, 0.9715330829070031)
TransPHLA_A01HLA-A*32:01:(0.98141692903594, 0.9415807560137457, 0.8833141288573843, 0.9421487603305784, 0.9509322865554465, 0.9322200392927309, 0.9335260115606936, 0.9509322865554465, 0.9802369751888447)
TransPHLA_A01HLA-A*32:07:(0.9567901234567902, 0.9166666666666666, 0.8451542547285166, 0.923076923076923, 1.0, 0.8333333333333334, 0.8571428571428571, 1.0, 0.9502085707645562)
TransPHLA_A01HLA-A*32:15:(0.9955555555555555, 0.9666666666666667, 0.9354143466934853, 0.9655172413793104, 0.9333333333333333, 1.0, 1.0, 0.9333333333333333, 0.9956944444444444)
TransPHLA_A01HLA-A*80:01:(0.9390432098765433, 0.9027777777777778, 0.8058665208462562, 0.9041095890410958, 0.9166666666666666, 0.8888888888888888, 0.8918918918918919, 0.9166666666666666, 0.9287984658910609)
TransPHLA_A01-A03HLA-A*30:01:(0.9454504300588502, 0.8691489361702127, 0.740596315266917, 0.8741044012282497, 0.9085106382978724, 0.8297872340425532, 0.8422090729783037, 0.9085106382978724, 0.9450011855413634)
TransPHLA_A01-A24HLA-A*29:02:(0.9784998188584793, 0.9411764705882353, 0.8825552559548773, 0.9406313350709528, 0.9306590257879657, 0.9517241379310345, 0.9508196721311475, 0.9306590257879657, 0.9777947848013175)
TransPHLA_A02HLA-A*02:01:(0.9504871503658411, 0.8865206893680793, 0.7730627553111429, 0.8877542617145682, 0.8923841059602649, 0.8805895159939708, 0.8831722103883336, 0.8923841059602649, 0.9514669894774069)
TransPHLA_A02HLA-A*02:02:(0.9674589953330076, 0.9112365315546435, 0.8232625468321105, 0.91328320802005, 0.9334016393442623, 0.8890030832476875, 0.8940137389597644, 0.9334016393442623, 0.9645352059692107)
TransPHLA_A02HLA-A*02:03:(0.9643817612848504, 0.9150294695481336, 0.8306015477554246, 0.9166265060240965, 0.9332679097154073, 0.8967551622418879, 0.9005681818181818, 0.9332679097154073, 0.9582328618540168)
TransPHLA_A02HLA-A*02:04:(0.9789280363443043, 0.9258373205741627, 0.8527175086679947, 0.9276264591439689, 0.9505582137161085, 0.9011164274322169, 0.9057750759878419, 0.9505582137161085, 0.9797507914707324)
TransPHLA_A02HLA-A*02:05:(0.9845151280510356, 0.9387019230769231, 0.8789925436182066, 0.9404900816802801, 0.96875, 0.9086538461538461, 0.9138321995464853, 0.96875, 0.9833375352580522)
TransPHLA_A02HLA-A*02:06:(0.9685354002680485, 0.9151767151767152, 0.830580232982993, 0.9161184210526315, 0.9267886855241264, 0.9035743973399833, 0.9056910569105691, 0.9267886855241264, 0.9652616802318905)
TransPHLA_A02HLA-A*02:07:(0.9835570392606777, 0.9424460431654677, 0.8853912139532494, 0.9433962264150944, 0.9592326139088729, 0.9256594724220624, 0.9280742459396751, 0.9592326139088729, 0.9833553294125158)
TransPHLA_A02HLA-A*02:11:(0.9696201607012418, 0.922972972972973, 0.8463200415003865, 0.9241011984021305, 0.9378378378378378, 0.9081081081081082, 0.910761154855643, 0.9378378378378378, 0.9632456385811679)
TransPHLA_A02HLA-A*02:12:(0.958143225550486, 0.8943661971830986, 0.7888106377466155, 0.8951048951048951, 0.9014084507042254, 0.8873239436619719, 0.8888888888888888, 0.9014084507042254, 0.9554780972371044)
TransPHLA_A02HLA-A*02:16:(0.970414201183432, 0.8974358974358975, 0.7948717948717948, 0.8974358974358975, 0.8974358974358975, 0.8974358974358975, 0.8974358974358975, 0.8974358974358975, 0.9702728085037011)
TransPHLA_A02HLA-A*02:17:(0.9939672507900029, 0.9322033898305084, 0.8689115357123816, 0.9354838709677421, 0.9830508474576272, 0.8813559322033898, 0.8923076923076924, 0.9830508474576272, 0.9941357536765256)
TransPHLA_A02HLA-A*02:19:(0.9736, 0.94, 0.88, 0.94, 0.94, 0.94, 0.94, 0.94, 0.9615176456988002)
TransPHLA_A02HLA-A*02:20:(0.9970050246281033, 0.9751243781094527, 0.9506724070452218, 0.9754901960784315, 0.9900497512437811, 0.9601990049751243, 0.961352657004831, 0.9900497512437811, 0.9968297166161354)
TransPHLA_A02HLA-A*02:50:(1.0, 1.0, 1.0, 1.0, 1.0, 1.0, 1.0, 1.0, 1.0)
TransPHLA_A02HLA-A*68:02:(0.9532461993608017, 0.8883174136664217, 0.7766385433173143, 0.888235294117647, 0.8869309838472834, 0.8897058823529411, 0.8895434462444771, 0.8869309838472834, 0.9524903389445599)
TransPHLA_A02HLA-A*69:01:(0.9676251622156957, 0.9111570247933884, 0.8223210703211932, 0.9113402061855669, 0.9132231404958677, 0.9090909090909091, 0.9094650205761317, 0.9132231404958677, 0.9664622074164124)
TransPHLA_A03HLA-A*03:01:(0.9813616033790581, 0.9448103970090795, 0.889649358882936, 0.9447021048876203, 0.9410092395167022, 0.9486264716375312, 0.9484240687679083, 0.9410092395167022, 0.9805863244267177)
TransPHLA_A03HLA-A*11:01:(0.9747206983451149, 0.9326884320838371, 0.8653895270183751, 0.9329586511441189, 0.9355877616747182, 0.9297820823244553, 0.9303442754203363, 0.9355877616747182, 0.9750905873639197)
TransPHLA_A03HLA-A*31:01:(0.977460871009258, 0.9276087793608009, 0.8558363329177142, 0.9291635267520724, 0.9470046082949308, 0.9081081081081082, 0.9119822485207101, 0.9470046082949308, 0.973450703912469)
TransPHLA_A03HLA-A*33:01:(0.9804275931271983, 0.9473257698541329, 0.896444152842872, 0.9489395129615082, 0.9789303079416531, 0.9157212317666127, 0.9207317073170732, 0.9789303079416531, 0.9741497426769999)
TransPHLA_A03HLA-A*66:01:(0.9847346514047867, 0.9370967741935484, 0.8743072794157947, 0.9365853658536587, 0.9290322580645162, 0.9451612903225807, 0.9442622950819672, 0.9290322580645162, 0.9837704694529652)
TransPHLA_A03HLA-A*68:01:(0.9813913309001728, 0.9442460862400439, 0.8885379182732852, 0.9446413962367057, 0.9495614035087719, 0.9389102916895983, 0.9397721106890938, 0.9495614035087719, 0.9781069701909041)
TransPHLA_A03HLA-A*68:23:(0.9238754325259516, 0.8529411764705882, 0.7171371656006361, 0.8387096774193549, 0.7647058823529411, 0.9411764705882353, 0.9285714285714286, 0.7647058823529411, 0.9279720242366628)
TransPHLA_A24HLA-A*23:01:(0.986943018898664, 0.9520686175580222, 0.904140987580747, 0.9521892299949672, 0.9536290322580645, 0.9505050505050505, 0.9507537688442211, 0.9536290322580645, 0.9876345687042609)
TransPHLA_A24HLA-A*24:02:(0.9765593359071897, 0.933852140077821, 0.8677044403227381, 0.9339485186983973, 0.933495145631068, 0.9342105263157895, 0.934402332361516, 0.933495145631068, 0.9794388655919763)
TransPHLA_A24HLA-A*24:03:(0.9833990795529257, 0.9358974358974359, 0.8720815992723809, 0.935064935064935, 0.9230769230769231, 0.9487179487179487, 0.9473684210526315, 0.9230769230769231, 0.9853455369630006)
TransPHLA_A24HLA-A*24:06:(0.9827415195397737, 0.9507042253521126, 0.9022141990953615, 0.9496402877697842, 0.9295774647887324, 0.971830985915493, 0.9705882352941176, 0.9295774647887324, 0.9862468392333721)
TransPHLA_A24HLA-A*24:13:(0.9402469135802469, 0.8666666666666667, 0.7333333333333333, 0.8666666666666667, 0.8666666666666667, 0.8666666666666667, 0.8666666666666667, 0.8666666666666667, 0.9390580893084044)
TransPHLA_B07HLA-B*07:02:(0.9848415408776721, 0.9456859971711457, 0.8914193309863436, 0.946127946127946, 0.9511988716502116, 0.9401418439716313, 0.9411108010047446, 0.9511988716502116, 0.9856005229349125)
TransPHLA_B07HLA-B*35:01:(0.9746299501820921, 0.9265905383360522, 0.8532029253662723, 0.9264190609670638, 0.9231843575418994, 0.9300046663555763, 0.929676511954993, 0.9231843575418994, 0.9745261011113298)
TransPHLA_B07HLA-B*35:03:(0.9954148235343798, 0.9695577254451465, 0.9392529249609642, 0.9698692438885732, 0.9782110091743119, 0.9608745684695051, 0.9616685456595265, 0.9782110091743119, 0.9955943608916892)
TransPHLA_B07HLA-B*35:08:(0.9737917355371901, 0.9309090909090909, 0.8618409746081628, 0.9311594202898551, 0.9345454545454546, 0.9272727272727272, 0.927797833935018, 0.9345454545454546, 0.9734570739743768)
TransPHLA_B07HLA-B*51:01:(0.9744461815333424, 0.9247153874403232, 0.8494787799879379, 0.9252643091505651, 0.9303519061583577, 0.9190581309786607, 0.9202320522117476, 0.9303519061583577, 0.9724571861721167)
TransPHLA_B07HLA-B*51:08:(0.991424, 0.98, 0.9602765994967198, 0.9802371541501976, 0.992, 0.968, 0.96875, 0.992, 0.9899556218865263)
TransPHLA_B07HLA-B*53:01:(0.9884807861108261, 0.9580896686159844, 0.9165712386851135, 0.9586935638808838, 0.9727095516569201, 0.9434697855750487, 0.9450757575757576, 0.9727095516569201, 0.9882554151645371)
TransPHLA_B07HLA-B*54:01:(0.9781025599415798, 0.9378980891719745, 0.8760138850198912, 0.9371980676328502, 0.9267515923566879, 0.9490445859872612, 0.9478827361563518, 0.9267515923566879, 0.981184853455988)
TransPHLA_B07HLA-B*56:01:(0.9913800586236137, 0.9560723514211886, 0.912742142994645, 0.9568527918781726, 0.9741602067183462, 0.937984496124031, 0.940149625935162, 0.9741602067183462, 0.9928788151465865)
TransPHLA_B07HLA-B*83:01:(0.9663905325443788, 0.9307692307692308, 0.8616404368553291, 0.9312977099236641, 0.9384615384615385, 0.9230769230769231, 0.9242424242424242, 0.9384615384615385, 0.9663587002386227)
TransPHLA_B08HLA-B*08:01:(0.9739812759946987, 0.9237107110161733, 0.8474219822933843, 0.9237804878048781, 0.9243441122635754, 0.9230769230769231, 0.923217550274223, 0.9243441122635754, 0.9748938885022332)
TransPHLA_B27HLA-B*14:01:(0.985, 0.875, 0.7745966692414834, 0.888888888888889, 1.0, 0.75, 0.8, 1.0, 0.9863495200451722)
TransPHLA_B27HLA-B*14:02:(0.988066211576709, 0.9566381156316917, 0.9133176407608633, 0.9568919638105374, 0.9614973262032086, 0.9517684887459807, 0.9523305084745762, 0.9614973262032086, 0.9852081157282917)
TransPHLA_B27HLA-B*15:03:(0.9833057129276346, 0.9292114695340502, 0.8592857931521791, 0.9307624890446976, 0.9516129032258065, 0.9068100358422939, 0.9108061749571184, 0.9516129032258065, 0.9821830360419591)
TransPHLA_B27HLA-B*15:09:(0.9773242630385488, 0.9047619047619048, 0.8246211251235321, 0.8947368421052632, 0.8095238095238095, 1.0, 1.0, 0.8095238095238095, 0.9792217651223862)
TransPHLA_B27HLA-B*15:11:(0.9816568047337279, 0.9333333333333333, 0.8670772146132679, 0.9322916666666666, 0.9179487179487179, 0.9487179487179487, 0.9470899470899471, 0.9179487179487179, 0.9846109098423187)
TransPHLA_B27HLA-B*15:18:(0.9942879801097393, 0.9722222222222222, 0.9450928787429039, 0.9727272727272727, 0.9907407407407407, 0.9537037037037037, 0.9553571428571429, 0.9907407407407407, 0.9928349921619686)
TransPHLA_B27HLA-B*27:01:(0.9962048648826569, 0.9749839640795381, 0.9507187866448751, 0.9754871150219988, 0.9948717948717949, 0.9550706033376123, 0.9568434032059187, 0.9948717948717949, 0.9957164331043992)
TransPHLA_B27HLA-B*27:02:(0.996292273025164, 0.9670411985018726, 0.9341879372745049, 0.9672619047619048, 0.974512743628186, 0.9595808383233533, 0.9601181683899557, 0.974512743628186, 0.9964227422890937)
TransPHLA_B27HLA-B*27:03:(0.9908858471643633, 0.9624413145539906, 0.9255356651799763, 0.9631336405529953, 0.9812206572769953, 0.9436619718309859, 0.9457013574660633, 0.9812206572769953, 0.9908644352529582)
TransPHLA_B27HLA-B*27:04:(0.9920367093296021, 0.9671179883945842, 0.9342639398679816, 0.9669902912621359, 0.9632495164410058, 0.9709864603481625, 0.9707602339181286, 0.9632495164410058, 0.9927646610275681)
TransPHLA_B27HLA-B*27:05:(0.888924798064725, 0.8054397098821396, 0.614232889957687, 0.7958911926954537, 0.7555074033947273, 0.8557902403495994, 0.8408360128617364, 0.7555074033947273, 0.9044781533253541)
TransPHLA_B27HLA-B*27:06:(0.9892272202998846, 0.9588235294117647, 0.9176541150145568, 0.9587426326129665, 0.9568627450980393, 0.9607843137254902, 0.9606299212598425, 0.9568627450980393, 0.9899176380506742)
TransPHLA_B27HLA-B*27:07:(0.9951640138408304, 0.9788235294117648, 0.9579122615588331, 0.9790697674418605, 0.9905882352941177, 0.9670588235294117, 0.967816091954023, 0.9905882352941177, 0.9942622328714693)
TransPHLA_B27HLA-B*27:08:(0.9937008727706402, 0.9662398137369034, 0.9326021295696573, 0.9665513264129182, 0.9744186046511628, 0.958041958041958, 0.9588100686498856, 0.9744186046511628, 0.9933334603971539)
TransPHLA_B27HLA-B*27:09:(0.9712264694860043, 0.9105145413870246, 0.8211926320098606, 0.9097472924187726, 0.900804289544236, 0.9202508960573477, 0.918869644484959, 0.900804289544236, 0.9718193770856494)
TransPHLA_B27HLA-B*27:20:(0.9667590027700831, 0.868421052631579, 0.7637626158259734, 0.8484848484848484, 0.7368421052631579, 1.0, 1.0, 0.7368421052631579, 0.9682375447085757)
TransPHLA_B27HLA-B*38:01:(0.995332495838057, 0.976755937342092, 0.9535197486860739, 0.9767206477732793, 0.9747474747474747, 0.9787664307381193, 0.9787018255578094, 0.9747474747474747, 0.995521010349484)
TransPHLA_B27HLA-B*39:01:(0.9910605858493037, 0.955765407554672, 0.9115842639606828, 0.9560493827160494, 0.9612711022840119, 0.9502487562189055, 0.9508840864440079, 0.9612711022840119, 0.9912478998607034)
TransPHLA_B27HLA-B*39:06:(0.9867551268042668, 0.9680589680589681, 0.9364006248122531, 0.9684466019417475, 0.9803439803439803, 0.9557739557739557, 0.9568345323741008, 0.9803439803439803, 0.9839837658962396)
TransPHLA_B27HLA-B*39:24:(0.998876330226717, 0.9796747967479674, 0.9596350717327242, 0.9799196787148594, 0.991869918699187, 0.967479674796748, 0.9682539682539683, 0.991869918699187, 0.9988999830775244)
TransPHLA_B27HLA-B*45:06:(0.9475302519341402, 0.8802816901408451, 0.760638829255665, 0.8794326241134751, 0.8732394366197183, 0.8873239436619719, 0.8857142857142857, 0.8732394366197183, 0.9387142111101332)
TransPHLA_B27HLA-B*48:01:(0.9626736111111112, 0.9166666666666666, 0.8451542547285166, 0.923076923076923, 1.0, 0.8333333333333334, 0.8571428571428571, 1.0, 0.9531085238625229)
TransPHLA_B27HLA-B*73:01:(0.9910945130709566, 0.9703389830508474, 0.9415235803086093, 0.970954356846473, 0.9915254237288136, 0.9491525423728814, 0.9512195121951219, 0.9915254237288136, 0.9887279750143612)
TransPHLA_B44HLA-B*13:02:(0.9892536702328212, 0.9599514563106796, 0.9212172077216286, 0.9609929078014184, 0.9866504854368932, 0.933252427184466, 0.9366359447004609, 0.9866504854368932, 0.987495643420375)
TransPHLA_B44HLA-B*18:01:(0.9844331065759637, 0.942063492063492, 0.8841280979196963, 0.9420174741858617, 0.9412698412698413, 0.9428571428571428, 0.9427662957074722, 0.9412698412698413, 0.9874479199540482)
TransPHLA_B44HLA-B*18:03:(0.9835390946502058, 0.9259259259259259, 0.8518518518518519, 0.9259259259259259, 0.9259259259259259, 0.9259259259259259, 0.9259259259259259, 0.9259259259259259, 0.9858615839009914)
TransPHLA_B44HLA-B*37:01:(0.991411497348708, 0.9665137614678899, 0.933235306978533, 0.9668633681343622, 0.9770642201834863, 0.9559633027522936, 0.9568733153638814, 0.9770642201834863, 0.9902271819515769)
TransPHLA_B44HLA-B*40:01:(0.991413659179606, 0.9634322954380884, 0.9269202653876738, 0.9632860777898945, 0.958062183658713, 0.9688179840464104, 0.9685672514619883, 0.958062183658713, 0.9913400144294987)
TransPHLA_B44HLA-B*40:02:(0.9894832441421804, 0.9687797902764538, 0.9375596019401287, 0.968816948345632, 0.9685863874345549, 0.9689737470167065, 0.969047619047619, 0.9685863874345549, 0.9876911710657132)
TransPHLA_B44HLA-B*41:01:(0.9885048010973937, 0.9629629629629629, 0.926332635845468, 0.9635036496350364, 0.9777777777777777, 0.9481481481481482, 0.9496402877697842, 0.9777777777777777, 0.984168065657743)
TransPHLA_B44HLA-B*44:02:(0.9872645462055943, 0.9570885388375883, 0.914191714528084, 0.9574353448275862, 0.9605405405405405, 0.9536026200873362, 0.9543501611170784, 0.9605405405405405, 0.9865946998721018)
TransPHLA_B44HLA-B*44:03:(0.9949381306847854, 0.9723346828609987, 0.9447111423710801, 0.9724832214765101, 0.9770734996628456, 0.9675894665766374, 0.9679358717434869, 0.9770734996628456, 0.9946330609084677)
TransPHLA_B44HLA-B*44:27:(0.9982153480071386, 0.9512195121951219, 0.903514637435183, 0.9523809523809524, 0.975609756097561, 0.926829268292683, 0.9302325581395349, 0.975609756097561, 0.9983176919507039)
TransPHLA_B44HLA-B*45:01:(0.9882970092724459, 0.9487750556792873, 0.89759774761284, 0.9490774907749078, 0.9540059347181009, 0.9435364041604755, 0.9441997063142438, 0.9540059347181009, 0.9879737047591886)
TransPHLA_B44HLA-B*49:01:(0.9942886158462629, 0.9774096385542169, 0.9548202830745497, 0.9774436090225564, 0.9781790820165538, 0.9766390354182366, 0.976709241172051, 0.9781790820165538, 0.993827612707291)
TransPHLA_B44HLA-B*50:01:(0.994007502377146, 0.9611428571428572, 0.9222956558209519, 0.9610983981693363, 0.958904109589041, 0.9633867276887872, 0.963302752293578, 0.958904109589041, 0.9943756142122355)
TransPHLA_B58HLA-B*15:17:(0.9752994886778672, 0.9337837837837838, 0.8687137058522113, 0.935441370223979, 0.9594594594594594, 0.9081081081081082, 0.9125964010282777, 0.9594594594594594, 0.972389710322702)
TransPHLA_B58HLA-B*57:01:(0.9714429393042653, 0.9193978150812683, 0.8388752385255385, 0.9189334047969986, 0.9126963002395528, 0.9261136303014137, 0.9252563410685375, 0.9126963002395528, 0.9745837444531704)
TransPHLA_B58HLA-B*57:03:(0.9802730530786578, 0.9371912491178547, 0.8744035847611922, 0.9374560787069572, 0.9407616361071932, 0.9336158192090396, 0.9341736694677871, 0.9407616361071932, 0.9804980377555624)
TransPHLA_B58HLA-B*58:01:(0.9812044143823425, 0.9320754716981132, 0.8643173612789988, 0.9327354260089685, 0.9418867924528301, 0.9222641509433962, 0.923760177646188, 0.9418867924528301, 0.9825465550600191)
TransPHLA_B62HLA-B*15:01:(0.9823566995663706, 0.9429340130274709, 0.8861014851277323, 0.9438014223957607, 0.9548532731376975, 0.9309266628766345, 0.9330024813895782, 0.9548532731376975, 0.9823474305852528)
TransPHLA_B62HLA-B*15:02:(0.9741915703284219, 0.9293739967897271, 0.8590313379012625, 0.9302694136291599, 0.942215088282504, 0.9165329052969502, 0.918622848200313, 0.942215088282504, 0.9735206284256368)
TransPHLA_B62HLA-B*15:42:(0.9647887323943661, 0.9225352112676056, 0.8492077756084468, 0.9261744966442953, 0.971830985915493, 0.8732394366197183, 0.8846153846153846, 0.971830985915493, 0.9543281171990079)
TransPHLA_B62HLA-B*46:01:(0.97116702177374, 0.9194029850746268, 0.8388071523401952, 0.9195630585898709, 0.9204771371769384, 0.9183266932270916, 0.9186507936507936, 0.9204771371769384, 0.9673229165179857)
TransPHLA_B62HLA-B*52:01:(0.9720656044558071, 0.918918918918919, 0.8383163781253312, 0.920265780730897, 0.9358108108108109, 0.902027027027027, 0.9052287581699346, 0.9358108108108109, 0.9724756755579859)
TransPHLA_C01HLA-C*01:02:(0.9810534625674312, 0.9188741721854304, 0.8395914961728681, 0.921474358974359, 0.9519867549668874, 0.8857615894039735, 0.8928571428571429, 0.9519867549668874, 0.9814474731637236)
TransPHLA_C01HLA-C*03:03:(0.9802215643400568, 0.9330855018587361, 0.8661722544530168, 0.9331131296449215, 0.9323432343234324, 0.9338296112489661, 0.9338842975206612, 0.9323432343234324, 0.9796129600467138)
TransPHLA_C01HLA-C*03:04:(0.9905019343319116, 0.9553872053872053, 0.911235685072459, 0.95616211745244, 0.9714285714285714, 0.93929173693086, 0.9413680781758957, 0.9714285714285714, 0.9904473639406258)
TransPHLA_C01HLA-C*04:01:(0.9580101115716709, 0.896834434069688, 0.7946828023374954, 0.8994003997335109, 0.9221311475409836, 0.8715261958997722, 0.8777633289986996, 0.9221311475409836, 0.9609985707685235)
TransPHLA_C01HLA-C*05:01:(0.9844776015581523, 0.9428690575479566, 0.8859286561125116, 0.9435051546391753, 0.9533333333333334, 0.9323873121869783, 0.9338775510204081, 0.9533333333333334, 0.9844516606264676)
TransPHLA_C01HLA-C*08:02:(0.988848457391229, 0.9572593800978793, 0.9148765595811978, 0.9578913532626164, 0.9713168187744459, 0.9431743958197256, 0.9448319594166138, 0.9713168187744459, 0.9869813226310808)
TransPHLA_C01HLA-C*15:02:(0.9853491042872691, 0.9450904392764858, 0.8903956721606899, 0.9456869009584664, 0.9560723514211886, 0.9341085271317829, 0.9355246523388117, 0.9560723514211886, 0.9849031085631346)
TransPHLA_C01HLA-C*17:01:(0.9758866579095514, 0.9383561643835616, 0.8774535953713308, 0.9395973154362416, 0.958904109589041, 0.9178082191780822, 0.9210526315789473, 0.958904109589041, 0.9722493926682697)
TransPHLA_C02HLA-C*02:02:(0.9799792439440925, 0.9387343812978638, 0.8784795302412125, 0.9403453689167977, 0.9630225080385852, 0.9143088116410671, 0.9187116564417178, 0.9630225080385852, 0.9749109519922377)
TransPHLA_C02HLA-C*06:02:(0.9723576428656175, 0.9137091162143354, 0.827511209438212, 0.9144827586206897, 0.9214732453092426, 0.9059233449477352, 0.9075975359342916, 0.9214732453092426, 0.9708789443985617)
TransPHLA_C02HLA-C*12:03:(0.9831549731648199, 0.9490131578947368, 0.8982644823163038, 0.9495934959349593, 0.9605263157894737, 0.9375, 0.9389067524115756, 0.9605263157894737, 0.9797453108287244)
TransPHLA_C02HLA-C*14:02:(0.9962911195589211, 0.9693721286370597, 0.9392774769935374, 0.9698795180722892, 0.9862174578866769, 0.9525267993874426, 0.9540740740740741, 0.9862174578866769, 0.996011333972627)
TransPHLA_C02HLA-C*16:01:(0.9798652312813767, 0.9326424870466321, 0.8662985368765859, 0.9342327150084317, 0.9568221070811744, 0.9084628670120898, 0.9126853377265239, 0.9568221070811744, 0.9766185704070796)
TransPHLA_C07HLA-C*07:01:(0.9808188436927668, 0.9346092503987241, 0.8693024719997701, 0.9350237717908082, 0.9414893617021277, 0.9277364505844846, 0.9286463798530955, 0.9414893617021277, 0.979347700807036)
TransPHLA_C07HLA-C*07:02:(0.9805192719915863, 0.9329091960670908, 0.8658354316697241, 0.9333333333333333, 0.936562860438293, 0.9292343387470998, 0.9301260022909508, 0.936562860438293, 0.9789337491643999)
TransPHLA_C07HLA-C*07:04:(0.9756314894887268, 0.9313432835820895, 0.8651133714796129, 0.9337175792507204, 0.968609865470852, 0.8941877794336811, 0.9012517385257302, 0.968609865470852, 0.9674591172203816)
