MGHLAindependent1_A01_HLA-A*26:03:(0.9814814814814815, 0.9166666666666666, 0.8346223261119858, 0.918918918918919, 0.9444444444444444, 0.8888888888888888, 0.8947368421052632, 0.9444444444444444, 0.9824845849645902)
MGHLAindependent1_A01_HLA-A*32:01:(0.9872905946158549, 0.9558173784977909, 0.9117202768947008, 0.9561403508771931, 0.9627085377821394, 0.9489194499017681, 0.9496611810261375, 0.9627085377821394, 0.9873562191281513)
MGHLAindependent1_A01_HLA-A*30:02:(0.9772640306122449, 0.9392857142857143, 0.8787732108934376, 0.9386281588447654, 0.9285714285714286, 0.95, 0.948905109489051, 0.9285714285714286, 0.9769034675043917)
MGHLAindependent1_A01_HLA-A*01:01:(0.9926980233159004, 0.962366760931042, 0.9247474903234394, 0.9625297812432314, 0.9652476107732406, 0.9594771241830066, 0.9598272138228942, 0.9652476107732406, 0.9918331132571848)
MGHLAindependent1_A01_HLA-A*26:02:(0.9879216992919616, 0.8979591836734694, 0.7985836518841366, 0.8936170212765957, 0.8571428571428571, 0.9387755102040817, 0.9333333333333333, 0.8571428571428571, 0.9881332714067361)
MGHLAindependent1_A01_HLA-A*80:01:(0.9544753086419753, 0.9027777777777778, 0.8058665208462562, 0.9041095890410958, 0.9166666666666666, 0.8888888888888888, 0.8918918918918919, 0.9166666666666666, 0.9445577804597138)
MGHLAindependent1_A01_HLA-A*32:15:(1.0, 1.0, 1.0, 1.0, 1.0, 1.0, 1.0, 1.0, 1.0)
MGHLAindependent1_A01_HLA-A*32:07:(0.9969135802469136, 0.9444444444444444, 0.8944271909999159, 0.9473684210526316, 1.0, 0.8888888888888888, 0.9, 1.0, 0.9969948018193633)
MGHLAindependent1_A01_HLA-A*25:01:(0.9885463842220599, 0.9648648648648649, 0.9297433126384828, 0.964769647696477, 0.9621621621621622, 0.9675675675675676, 0.967391304347826, 0.9621621621621622, 0.9897936217493262)
MGHLAindependent1_A01_HLA-A*26:01:(0.9893731095819229, 0.9584055459272097, 0.9169488115599097, 0.9587628865979381, 0.9670710571923743, 0.949740034662045, 0.9505962521294719, 0.9670710571923743, 0.986904475926994)
MGHLAindependent1_A01-A03_HLA-A*30:01:(0.9690674513354458, 0.9, 0.8000072431947922, 0.9002123142250531, 0.902127659574468, 0.8978723404255319, 0.8983050847457628, 0.902127659574468, 0.9689075558806399)
MGHLAindependent1_A01-A24_HLA-A*29:02:(0.9874228501794948, 0.9529411764705882, 0.9058826009239918, 0.9530355097365406, 0.9535816618911175, 0.9522988505747126, 0.9524899828277046, 0.9535816618911175, 0.9869568201263479)
MGHLAindependent1_A02_HLA-A*69:01:(0.989362065432689, 0.9400826446280992, 0.8810759623288253, 0.9414141414141414, 0.9628099173553719, 0.9173553719008265, 0.9209486166007905, 0.9628099173553719, 0.9889310574589998)
MGHLAindependent1_A02_HLA-A*02:06:(0.9816771161392138, 0.9401247401247401, 0.8812775225967534, 0.941510966693745, 0.9642262895174709, 0.9160432252701579, 0.9198412698412698, 0.9642262895174709, 0.9784542776777428)
MGHLAindependent1_A02_HLA-A*02:16:(0.9947403024326101, 0.9487179487179487, 0.8986182904354194, 0.9473684210526315, 0.9230769230769231, 0.9743589743589743, 0.972972972972973, 0.9230769230769231, 0.9950028859069222)
MGHLAindependent1_A02_HLA-A*02:05:(0.9928838063979291, 0.9621394230769231, 0.9243596382127439, 0.9623880597014925, 0.96875, 0.9555288461538461, 0.9561091340450771, 0.96875, 0.9921993077889799)
MGHLAindependent1_A02_HLA-A*02:17:(0.9856363114047687, 0.9576271186440678, 0.9164397149578764, 0.9586776859504132, 0.9830508474576272, 0.9322033898305084, 0.9354838709677419, 0.9830508474576272, 0.982791860048617)
MGHLAindependent1_A02_HLA-A*68:02:(0.9715853632201779, 0.9129316678912565, 0.8260746499197217, 0.9139745916515427, 0.9243759177679882, 0.9014705882352941, 0.9038047379755922, 0.9243759177679882, 0.9721791285538816)
MGHLAindependent1_A02_HLA-A*02:07:(0.9893754061499002, 0.9562350119904077, 0.9124759273947116, 0.9561561561561561, 0.9544364508393285, 0.9580335731414868, 0.9578820697954272, 0.9544364508393285, 0.989646704640649)
MGHLAindependent1_A02_HLA-A*02:04:(0.9831607436744682, 0.9393939393939394, 0.8788281181706, 0.939102564102564, 0.9346092503987241, 0.9441786283891547, 0.9436392914653784, 0.9346092503987241, 0.9822026786114171)
MGHLAindependent1_A02_HLA-A*02:50:(1.0, 1.0, 1.0, 1.0, 1.0, 1.0, 1.0, 1.0, 1.0)
MGHLAindependent1_A02_HLA-A*02:11:(0.9832286340394447, 0.9351351351351351, 0.870473764914333, 0.9358288770053477, 0.9459459459459459, 0.9243243243243243, 0.9259259259259259, 0.9459459459459459, 0.9813911689903688)
MGHLAindependent1_A02_HLA-A*02:19:(0.9812, 0.93, 0.8601720516172061, 0.9306930693069307, 0.94, 0.92, 0.9215686274509803, 0.94, 0.9782588363717544)
MGHLAindependent1_A02_HLA-A*02:12:(0.9807577861535409, 0.9225352112676056, 0.8458258116519014, 0.9241379310344827, 0.9436619718309859, 0.9014084507042254, 0.9054054054054054, 0.9436619718309859, 0.9804897714765134)
MGHLAindependent1_A02_HLA-A*02:02:(0.9795408403955992, 0.9374037968188815, 0.8751137088491335, 0.9383215369059656, 0.9508196721311475, 0.9239465570400822, 0.9261477045908184, 0.9508196721311475, 0.9786365187661813)
MGHLAindependent1_A02_HLA-A*02:03:(0.9817392839877143, 0.9381139489194499, 0.8777466837814015, 0.9399428026692087, 0.9676153091265947, 0.9085545722713865, 0.9138090824837812, 0.9676153091265947, 0.9799240647864185)
MGHLAindependent1_A02_HLA-A*02:20:(0.996584242964283, 0.9776119402985075, 0.9553302944424514, 0.9777777777777777, 0.9850746268656716, 0.9701492537313433, 0.9705882352941176, 0.9850746268656716, 0.9960364636120849)
MGHLAindependent1_A02_HLA-A*02:01:(0.9667427333657933, 0.9111647656315045, 0.8223287822353621, 0.9115623704931621, 0.910430463576159, 0.9119075531736728, 0.9126970954356847, 0.910430463576159, 0.9680718719970993)
MGHLAindependent1_A03_HLA-A*33:01:(0.9864561361111038, 0.9473257698541329, 0.8956413908363878, 0.948535233570863, 0.9708265802269044, 0.9238249594813615, 0.9272445820433437, 0.9708265802269044, 0.9816778173937639)
MGHLAindependent1_A03_HLA-A*11:01:(0.9829811520121027, 0.9469971785570335, 0.8940251446165131, 0.9472840248546803, 0.9512882447665056, 0.9426957223567393, 0.943313373253493, 0.9512882447665056, 0.9834663580071725)
MGHLAindependent1_A03_HLA-A*31:01:(0.9885682258954148, 0.9522525991528686, 0.9051660392569518, 0.9532780708364732, 0.9715821812596006, 0.9328185328185328, 0.9356508875739645, 0.9715821812596006, 0.9873981854977029)
MGHLAindependent1_A03_HLA-A*03:01:(0.9870170324667373, 0.954068007833363, 0.908265260907086, 0.9545454545454547, 0.9626865671641791, 0.945415626114877, 0.9465408805031447, 0.9626865671641791, 0.985323720705889)
MGHLAindependent1_A03_HLA-A*66:01:(0.9944953173777317, 0.9629032258064516, 0.9260425695709499, 0.963317384370016, 0.9741935483870968, 0.9516129032258065, 0.9526813880126183, 0.9741935483870968, 0.9946914283135643)
MGHLAindependent1_A03_HLA-A*68:23:(1.0, 0.9705882352941176, 0.9428090415820634, 0.9714285714285714, 1.0, 0.9411764705882353, 0.9444444444444444, 1.0, 1.0)
MGHLAindependent1_A03_HLA-A*68:01:(0.9877631397908642, 0.9524855808843724, 0.9055776726362487, 0.9534320323014805, 0.9709429824561403, 0.933957072096863, 0.9365415124272871, 0.9709429824561403, 0.985871674018869)
MGHLAindependent1_A24_HLA-A*24:06:(0.9871057329894862, 0.9507042253521126, 0.9014978717104177, 0.951048951048951, 0.9577464788732394, 0.9436619718309859, 0.9444444444444444, 0.9577464788732394, 0.9896969416439105)
MGHLAindependent1_A24_HLA-A*23:01:(0.9928152492668622, 0.9626639757820383, 0.925344379822911, 0.9628140703517587, 0.9657258064516129, 0.9595959595959596, 0.9599198396793587, 0.9657258064516129, 0.9926953475538336)
MGHLAindependent1_A24_HLA-A*24:02:(0.9831897367474782, 0.9469844357976653, 0.8940425660381687, 0.9467513434294088, 0.9407766990291262, 0.9532163742690059, 0.9528023598820059, 0.9407766990291262, 0.9851244506762334)
MGHLAindependent1_A24_HLA-A*24:03:(0.9881656804733729, 0.9487179487179487, 0.8986182904354194, 0.9500000000000001, 0.9743589743589743, 0.9230769230769231, 0.926829268292683, 0.9743589743589743, 0.9890815205221936)
MGHLAindependent1_A24_HLA-A*24:13:(0.9614814814814816, 0.8888888888888888, 0.7785470932752259, 0.8863636363636364, 0.8666666666666667, 0.9111111111111111, 0.9069767441860465, 0.8666666666666667, 0.9639688947558362)
MGHLAindependent1_B07_HLA-B*07:02:(0.9903175584431172, 0.957001414427157, 0.9140329938535943, 0.9573033707865168, 0.9613540197461213, 0.9526241134751773, 0.9532867132867133, 0.9613540197461213, 0.9911319962325339)
MGHLAindependent1_B07_HLA-B*56:01:(0.995085765412068, 0.9728682170542635, 0.945891180616315, 0.9731113956466069, 0.9819121447028424, 0.9638242894056848, 0.9644670050761421, 0.9819121447028424, 0.9958907865611146)
MGHLAindependent1_B07_HLA-B*51:01:(0.9848959580854475, 0.9478516342269555, 0.8958167872397271, 0.9483636363636363, 0.9560117302052786, 0.9396615158204562, 0.9408369408369408, 0.9560117302052786, 0.9830127405945667)
MGHLAindependent1_B07_HLA-B*53:01:(0.992696708198914, 0.9678362573099415, 0.9358165417914618, 0.9681159420289854, 0.9766081871345029, 0.9590643274853801, 0.9597701149425287, 0.9766081871345029, 0.9922987742822423)
MGHLAindependent1_B07_HLA-B*35:08:(0.988099173553719, 0.9545454545454546, 0.9090969196689255, 0.9546279491833031, 0.9563636363636364, 0.9527272727272728, 0.9528985507246377, 0.9563636363636364, 0.9896781084188808)
MGHLAindependent1_B07_HLA-B*51:08:(0.9982719999999999, 0.988, 0.9762812094883317, 0.9881422924901185, 1.0, 0.976, 0.9765625, 1.0, 0.9980883434004038)
MGHLAindependent1_B07_HLA-B*35:03:(0.9982633206997392, 0.980470993681792, 0.9609418713907159, 0.9805045871559633, 0.9805045871559633, 0.9804372842347526, 0.9805045871559633, 0.9805045871559633, 0.9983032547722407)
MGHLAindependent1_B07_HLA-B*54:01:(0.9829607691995619, 0.9394904458598726, 0.8789808917197452, 0.9394904458598726, 0.9394904458598726, 0.9394904458598726, 0.9394904458598726, 0.9394904458598726, 0.9867562863625033)
MGHLAindependent1_B07_HLA-B*35:01:(0.9846629405339458, 0.9457003029596831, 0.8915454711841817, 0.946251441753172, 0.9548417132216015, 0.9365375641623892, 0.937814357567444, 0.9548417132216015, 0.9835059226928885)
MGHLAindependent1_B07_HLA-B*83:01:(1.0, 0.9923076923076923, 0.9847319278346618, 0.9923664122137404, 1.0, 0.9846153846153847, 0.9848484848484849, 1.0, 1.0)
MGHLAindependent1_B08_HLA-B*08:01:(0.9856513732352659, 0.9407995117485505, 0.8820770008590572, 0.9417767106842736, 0.9572910311165345, 0.9242979242979243, 0.9267572356763142, 0.9572910311165345, 0.9857906237372244)
MGHLAindependent1_B27_HLA-B*15:09:(0.9773242630385488, 0.9047619047619048, 0.8095238095238095, 0.9047619047619048, 0.9047619047619048, 0.9047619047619048, 0.9047619047619048, 0.9047619047619048, 0.9766455161682364)
MGHLAindependent1_B27_HLA-B*38:01:(0.9975365382847688, 0.9802930773117736, 0.9605906198244063, 0.9802731411229135, 0.9787878787878788, 0.9817997977755308, 0.9817629179331308, 0.9787878787878788, 0.9975695146929061)
MGHLAindependent1_B27_HLA-B*14:01:(0.9824999999999999, 0.975, 0.9511897312113419, 0.975609756097561, 1.0, 0.95, 0.9523809523809523, 1.0, 0.9797149429947418)
MGHLAindependent1_B27_HLA-B*39:24:(0.9971577764558134, 0.991869918699187, 0.9838699100999075, 0.9919354838709677, 1.0, 0.983739837398374, 0.984, 1.0, 0.9965728739079616)
MGHLAindependent1_B27_HLA-B*14:02:(0.9933478916266888, 0.974304068522484, 0.948661865489983, 0.974468085106383, 0.9796791443850268, 0.9689174705251876, 0.9693121693121693, 0.9796791443850268, 0.9905213131432236)
MGHLAindependent1_B27_HLA-B*27:20:(1.0, 0.9736842105263158, 0.9486832980505138, 0.9743589743589743, 1.0, 0.9473684210526315, 0.95, 1.0, 0.9999999999999998)
MGHLAindependent1_B27_HLA-B*45:06:(0.9964292799047808, 0.9859154929577465, 0.9722167862426851, 0.9861111111111112, 1.0, 0.971830985915493, 0.9726027397260274, 1.0, 0.9960148559528184)
MGHLAindependent1_B27_HLA-B*39:01:(0.9937087156076618, 0.9662027833001988, 0.9325535920960699, 0.9665354330708661, 0.9751737835153923, 0.9572139303482587, 0.9580487804878048, 0.9751737835153923, 0.9923777757909771)
MGHLAindependent1_B27_HLA-B*39:06:(0.9941080235920531, 0.9754299754299754, 0.9512735155943608, 0.9757869249394673, 0.9901719901719902, 0.9606879606879607, 0.9618138424821002, 0.9901719901719902, 0.9924162292343803)
MGHLAindependent1_B27_HLA-B*15:03:(0.9894689174085636, 0.946236559139785, 0.8924960498327553, 0.9460431654676258, 0.942652329749104, 0.9498207885304659, 0.9494584837545126, 0.942652329749104, 0.986835670406644)
MGHLAindependent1_B27_HLA-B*27:04:(0.9974297483248469, 0.9796905222437138, 0.9593828391436543, 0.9797101449275362, 0.9806576402321083, 0.9787234042553191, 0.9787644787644788, 0.9806576402321083, 0.997613458054124)
MGHLAindependent1_B27_HLA-B*27:06:(0.9906036139946175, 0.9686274509803922, 0.9372549019607843, 0.9686274509803922, 0.9686274509803922, 0.9686274509803922, 0.9686274509803922, 0.9686274509803922, 0.9841967755748531)
MGHLAindependent1_B27_HLA-B*27:05:(0.9179674194343419, 0.8378966455122393, 0.6769049709450398, 0.8339832869080781, 0.8109425785482124, 0.8650764748725419, 0.8583715596330275, 0.8109425785482124, 0.9283527917297902)
MGHLAindependent1_B27_HLA-B*27:03:(0.9946659613392403, 0.971830985915493, 0.9440365895399985, 0.9722222222222222, 0.9859154929577465, 0.9577464788732394, 0.958904109589041, 0.9859154929577465, 0.9947161477153015)
MGHLAindependent1_B27_HLA-B*27:07:(0.9988262975778546, 0.9858823529411764, 0.9718077488396754, 0.9859484777517565, 0.9905882352941177, 0.9811764705882353, 0.9813519813519813, 0.9905882352941177, 0.9988392284727057)
MGHLAindependent1_B27_HLA-B*27:01:(0.9987525097923045, 0.9852469531751122, 0.9707243664324796, 0.9854153455928979, 0.9961538461538462, 0.9743260590500642, 0.9749058971141782, 0.9961538461538462, 0.998664058367456)
MGHLAindependent1_B27_HLA-B*15:11:(0.991190006574622, 0.958974358974359, 0.9179970030846174, 0.9587628865979382, 0.9538461538461539, 0.9641025641025641, 0.9637305699481865, 0.9538461538461539, 0.9931213014610524)
MGHLAindependent1_B27_HLA-B*27:09:(0.9836787838603976, 0.9369127516778524, 0.8738692788665526, 0.9366861248316121, 0.9320822162645219, 0.9417562724014337, 0.9413357400722022, 0.9320822162645219, 0.9853564530864821)
MGHLAindependent1_B27_HLA-B*27:08:(0.9962487125277822, 0.9825378346915018, 0.9652031644168609, 0.9826989619377163, 0.9906976744186047, 0.9743589743589743, 0.9748283752860412, 0.9906976744186047, 0.9964885382407649)
MGHLAindependent1_B27_HLA-B*73:01:(0.9983481758115484, 0.9915254237288136, 0.983192080250175, 0.9915966386554621, 1.0, 0.9830508474576272, 0.9833333333333333, 1.0, 0.9982133586635411)
MGHLAindependent1_B27_HLA-B*15:18:(0.9976208847736625, 0.9837962962962963, 0.9678519326614131, 0.9839816933638443, 0.9953703703703703, 0.9722222222222222, 0.9728506787330317, 0.9953703703703703, 0.9971166964111703)
MGHLAindependent1_B27_HLA-B*48:01:(0.9895833333333333, 0.9583333333333334, 0.9198662110077999, 0.9600000000000001, 1.0, 0.9166666666666666, 0.9230769230769231, 1.0, 0.9897802861389817)
MGHLAindependent1_B27_HLA-B*27:02:(0.9973538679761915, 0.9775280898876404, 0.9550950422995043, 0.9776119402985075, 0.9820089955022488, 0.9730538922155688, 0.9732540861812778, 0.9820089955022488, 0.997573734761702)
MGHLAindependent1_B44_HLA-B*44:03:(0.9967477461193093, 0.978744939271255, 0.9574917629148733, 0.9787807342539576, 0.9797707349966285, 0.9777177582714383, 0.977792732166891, 0.9797707349966285, 0.9965913913038049)
MGHLAindependent1_B44_HLA-B*18:03:(0.9962277091906722, 0.9629629629629629, 0.9265616458263765, 0.9622641509433962, 0.9444444444444444, 0.9814814814814815, 0.9807692307692307, 0.9444444444444444, 0.9962918779578362)
MGHLAindependent1_B44_HLA-B*18:01:(0.991408415217939, 0.9634920634920635, 0.927002812036375, 0.9633757961783439, 0.9603174603174603, 0.9666666666666667, 0.9664536741214057, 0.9603174603174603, 0.9927905177969005)
MGHLAindependent1_B44_HLA-B*45:01:(0.9921781649992725, 0.9621380846325167, 0.9245042023244332, 0.962582538517975, 0.973293768545994, 0.950965824665676, 0.9521044992743106, 0.973293768545994, 0.9923655543189163)
MGHLAindependent1_B44_HLA-B*40:02:(0.992679131087708, 0.9740228789323165, 0.9480457239162969, 0.9740661432310255, 0.974297953355545, 0.9737470167064439, 0.9738344433872502, 0.974297953355545, 0.9895255057696692)
MGHLAindependent1_B44_HLA-B*49:01:(0.9972153281132785, 0.983433734939759, 0.9668772069195852, 0.9834834834834835, 0.9857035364936042, 0.9811605124340618, 0.9812734082397003, 0.9857035364936042, 0.9967999794371092)
MGHLAindependent1_B44_HLA-B*13:02:(0.9966375836553869, 0.9763349514563107, 0.9531086739949414, 0.976688583383144, 0.991504854368932, 0.9611650485436893, 0.9623085983510011, 0.991504854368932, 0.9960706572463862)
MGHLAindependent1_B44_HLA-B*40:01:(0.994743484673784, 0.9692251991310644, 0.9384504506591038, 0.9692808095410191, 0.9696312364425163, 0.9688179840464104, 0.9689306358381503, 0.9696312364425163, 0.9947521686569485)
MGHLAindependent1_B44_HLA-B*41:01:(0.9959945130315501, 0.9629629629629629, 0.926332635845468, 0.9635036496350364, 0.9777777777777777, 0.9481481481481482, 0.9496402877697842, 0.9777777777777777, 0.9959106212656155)
MGHLAindependent1_B44_HLA-B*44:02:(0.994099492505606, 0.9687669744703965, 0.937534198498334, 0.9688936975926428, 0.9681081081081081, 0.9694323144104804, 0.9696805630752572, 0.9681081081081081, 0.994241991114529)
MGHLAindependent1_B44_HLA-B*37:01:(0.9956880733944955, 0.9788990825688073, 0.9577997774607923, 0.9789184234647113, 0.9798165137614679, 0.9779816513761468, 0.978021978021978, 0.9798165137614679, 0.995397739051627)
MGHLAindependent1_B44_HLA-B*50:01:(0.9957472597515229, 0.9771428571428571, 0.9542856545771815, 0.9771689497716894, 0.9771689497716894, 0.977116704805492, 0.9771689497716894, 0.9771689497716894, 0.9961924448468293)
MGHLAindependent1_B44_HLA-B*44:27:(0.9994051160023795, 0.9878048780487805, 0.9759000729485332, 0.9876543209876543, 0.975609756097561, 1.0, 1.0, 0.975609756097561, 0.9994121979547321)
MGHLAindependent1_B58_HLA-B*57:03:(0.9871377287976222, 0.9488355681016232, 0.897689650740385, 0.9487088786699682, 0.9456981664315938, 0.9519774011299436, 0.9517388218594748, 0.9456981664315938, 0.9870403681837395)
MGHLAindependent1_B58_HLA-B*15:17:(0.9855368882395908, 0.9391891891891891, 0.8793069904147582, 0.940554821664465, 0.9621621621621622, 0.9162162162162162, 0.9198966408268734, 0.9621621621621622, 0.9844735058463483)
MGHLAindependent1_B58_HLA-B*57:01:(0.9824977548799633, 0.9373834265920596, 0.874904352506532, 0.9368958109559613, 0.9286664892201224, 0.9461189650573486, 0.9452722839338933, 0.9286664892201224, 0.9838567339603418)
MGHLAindependent1_B58_HLA-B*58:01:(0.9874745461018156, 0.9569811320754718, 0.9140466115392085, 0.9566869300911854, 0.950188679245283, 0.9637735849056603, 0.96327467482785, 0.950188679245283, 0.9874457096621386)
MGHLAindependent1_B62_HLA-B*46:01:(0.9832241610100354, 0.9432835820895522, 0.8865690320230014, 0.9432835820895523, 0.9423459244532804, 0.9442231075697212, 0.9442231075697212, 0.9423459244532804, 0.9812306022383219)
MGHLAindependent1_B62_HLA-B*15:02:(0.9846288218607732, 0.9478330658105939, 0.8962771298535135, 0.9487785657998424, 0.9662921348314607, 0.9293739967897271, 0.9318885448916409, 0.9662921348314607, 0.9838144328805938)
MGHLAindependent1_B62_HLA-B*15:01:(0.9884366855013302, 0.9551118663268195, 0.910234656406075, 0.9551690001414226, 0.9528781038374717, 0.9573621375781695, 0.9574709384746243, 0.9528781038374717, 0.9877535945815278)
MGHLAindependent1_B62_HLA-B*52:01:(0.9838157414170928, 0.9543918918918919, 0.9088304629532747, 0.9546218487394957, 0.9594594594594594, 0.9493243243243243, 0.9498327759197325, 0.9594594594594594, 0.9869114017989948)
MGHLAindependent1_B62_HLA-B*15:42:(0.9950406665344178, 0.9647887323943662, 0.9296696802013683, 0.965034965034965, 0.971830985915493, 0.9577464788732394, 0.9583333333333334, 0.971830985915493, 0.9945989821142553)
MGHLAindependent1_C01_HLA-C*04:01:(0.9742590587151625, 0.9241630608061945, 0.8483411900594193, 0.9239552409225851, 0.9212204007285975, 0.9271070615034168, 0.9267063673843335, 0.9212204007285975, 0.9763880529203857)
MGHLAindependent1_C01_HLA-C*15:02:(0.9901573423071529, 0.960594315245478, 0.9212816743718977, 0.9608723540731238, 0.9677002583979328, 0.9534883720930233, 0.954140127388535, 0.9677002583979328, 0.9889286500918609)
MGHLAindependent1_C01_HLA-C*03:03:(0.9869843063710838, 0.9512598099958695, 0.9025194703093138, 0.9513201320132013, 0.9513201320132013, 0.9511993382961125, 0.9513201320132013, 0.9513201320132013, 0.9861918846282195)
MGHLAindependent1_C01_HLA-C*17:01:(0.9834657325743833, 0.9452054794520548, 0.8904109589041096, 0.9452054794520548, 0.9452054794520548, 0.9452054794520548, 0.9452054794520548, 0.9452054794520548, 0.9822940682040577)
MGHLAindependent1_C01_HLA-C*08:02:(0.9943914425642331, 0.9716150081566068, 0.9433177729077623, 0.9718355454839753, 0.9784876140808344, 0.9647289353363815, 0.9652733118971061, 0.9784876140808344, 0.9924769736712238)
MGHLAindependent1_C01_HLA-C*05:01:(0.9920791597106288, 0.9616346955796498, 0.9232707289927657, 0.9616346955796498, 0.9608333333333333, 0.9624373956594324, 0.9624373956594324, 0.9608333333333333, 0.9916115962693818)
MGHLAindependent1_C01_HLA-C*01:02:(0.9899127231261786, 0.9486754966887417, 0.8979468424014349, 0.9495934959349593, 0.9668874172185431, 0.9304635761589404, 0.9329073482428115, 0.9668874172185431, 0.990335957311739)
MGHLAindependent1_C01_HLA-C*03:04:(0.9953214675414854, 0.9705387205387206, 0.9411613036867951, 0.9707846410684474, 0.9773109243697479, 0.9637436762225969, 0.9643449419568823, 0.9773109243697479, 0.9948429642967036)
MGHLAindependent1_C02_HLA-C*14:02:(0.9967331833990372, 0.9839203675344563, 0.9680961827526808, 0.9841029523088568, 0.9954058192955589, 0.9724349157733537, 0.9730538922155688, 0.9954058192955589, 0.996170228079624)
MGHLAindependent1_C02_HLA-C*12:03:(0.9908538564750693, 0.9662828947368421, 0.9328497272340392, 0.9666937449228269, 0.9786184210526315, 0.9539473684210527, 0.9550561797752809, 0.9786184210526315, 0.9879571790284087)
MGHLAindependent1_C02_HLA-C*16:01:(0.9896067306803166, 0.9525043177892919, 0.9053989767372365, 0.9531914893617021, 0.9671848013816926, 0.9378238341968912, 0.9395973154362416, 0.9671848013816926, 0.9888154076401159)
MGHLAindependent1_C02_HLA-C*02:02:(0.9897727361342528, 0.9588875453446191, 0.918198315716685, 0.9596199524940617, 0.9742765273311897, 0.9434114793856103, 0.9453978159126365, 0.9742765273311897, 0.9878193780016823)
MGHLAindependent1_C02_HLA-C*06:02:(0.9837479085601935, 0.9391092553931802, 0.8786439303672141, 0.9401300034211426, 0.954829742876998, 0.9233449477351916, 0.9258760107816711, 0.954829742876998, 0.981832193343007)
MGHLAindependent1_C07_HLA-C*07:04:(0.9888438156467269, 0.9552238805970149, 0.9112491435233863, 0.9560761346998535, 0.976083707025411, 0.9344262295081968, 0.9368723098995696, 0.976083707025411, 0.9873879203884298)
MGHLAindependent1_C07_HLA-C*07:02:(0.9902589669687991, 0.9583574320416426, 0.9167991606343024, 0.9587628865979381, 0.9653979238754326, 0.951276102088167, 0.9522184300341296, 0.9653979238754326, 0.9894481983024561)
MGHLAindependent1_C07_HLA-C*07:01:(0.9885013679426594, 0.9585326953748007, 0.9175981372836793, 0.959205020920502, 0.975531914893617, 0.9415515409139213, 0.9434156378600823, 0.975531914893617, 0.9883305129342075)
